0.0 -0.065 -0.065
5e-05 -0.0586410383872 -0.065
0.0001 -0.0554694961957 -0.065
0.00015 -0.053096778647 -0.065
0.0002 -0.0511244509115 -0.0649999999988
0.00025 -0.0494029731345 -0.0649999999781
0.0003 -0.0478575115447 -0.0649999997695
0.00035 -0.0464443756087 -0.0649999983729
0.0004 -0.0451354542846 -0.0649999916901
0.00045 -0.0439114044343 -0.0649999674016
0.0005 -0.0427582438032 -0.0649998967563
0.00055 -0.0416654764843 -0.0649997249193
0.0006 -0.0406249848377 -0.0649993625799
0.00065 -0.0396303366904 -0.0649986810201
0.0007 -0.0386763321876 -0.0649975115054
0.00075 -0.0377586961876 -0.0649956486232
0.0008 -0.0368738628599 -0.0649928565018
0.00085 -0.0360188208094 -0.0649888766645
0.0009 -0.0351909991554 -0.0649834364142
0.00095 -0.0343881820594 -0.0649762569223
0.001 -0.0336084434728 -0.0649670604908
0.00105 -0.0328500965473 -0.064955576703
0.0011 -0.0321116538709 -0.0649415473656
0.00115 -0.0313917958248 -0.0649247302686
0.0012 -0.0306893451213 -0.0649049018654
0.00125 -0.0300032461055 -0.0648818590097
0.0013 -0.0293325477754 -0.0648554199038
0.00135 -0.0286763897326 -0.0648254244054
0.0014 -0.0280339904674 -0.0647917338297
0.00145 -0.0274046375198 -0.0647542303675
0.0015 -0.0267876791604 -0.0647128162221
0.00155 -0.026182517314 -0.0646674125492
0.0016 -0.0255886015032 -0.0646179582691
0.00165 -0.0250054236397 -0.0645644088067
0.0017 -0.0244325135205 -0.0645067348009
0.00175 -0.0238694349155 -0.0644449208174
0.0018 -0.0233157821554 -0.0643789640881
0.00185 -0.0227711771421 -0.0643088732951
0.0019 -0.0222352667206 -0.0642346674113
0.00195 -0.0217077203601 -0.0641563746052
0.002 -0.0211882281014 -0.0640740312152
0.00205 -0.0206764987343 -0.0639876807946
0.0021 -0.0201722581747 -0.0638973732276
0.00215 -0.0196752480161 -0.0638031639154
0.0022 -0.0191852242324 -0.0637051130296
0.00225 -0.018701956015 -0.0636032848306
0.0023 -0.0182252247273 -0.0634977470465
0.00235 -0.0177548229627 -0.0633885703102
0.0024 -0.017290553694 -0.0632758276494
0.00245 -0.0168322295053 -0.0631595940274
0.0025 -0.0163796718956 -0.0630399459289
0.00255 -0.0159327106471 -0.0629169609895
0.0026 -0.0154911832509 -0.0627907176631
0.00265 -0.0150549343855 -0.0626612949258
0.0027 -0.0146238154401 -0.062528772012
0.00275 -0.01419768408 -0.0623932281805
0.0028 -0.01377640385 -0.0622547425075
0.00285 -0.0133598438103 -0.0621133937039
0.0029 -0.0129478782039 -0.0619692599553
0.00295 -0.0125403861502 -0.0618224187817
0.003 -0.0121372513642 -0.0616729469155
0.00305 -0.011738361898 -0.0615209201962
0.0031 -0.011343609902 -0.0613664134789
0.00315 -0.0109528914053 -0.0612095005575
0.0032 -0.0105661061122 -0.0610502540983
0.00325 -0.0101831572139 -0.0608887455854
0.0033 -0.00980395121452 -0.0607250452752
0.00335 -0.00942839776898 -0.0605592221594
0.0034 -0.00905640953277 -0.0603913439361
0.00345 -0.00868790202199 -0.0602214769868
0.0035 -0.00832279348298 -0.0600496863607
0.00355 -0.00796100477056 -0.0598760357633
0.0036 -0.00760245923435 -0.0597005875501
0.00365 -0.00724708261226 -0.0595234027252
0.0037 -0.00689480293076 -0.0593445409421
0.00375 -0.00654555041121 -0.0591640605097
0.0038 -0.00619925738186 -0.0589820183995
0.00385 -0.00585585819499 -0.058798470256
0.0039 -0.00551528914889 -0.0586134704096
0.00395 -0.00517748841408 -0.0584270718906
0.004 -0.00484239596379 -0.0582393264457
0.00405 -0.00450995350796 -0.058050284555
0.0041 -0.0041801044309 -0.0578599954508
0.00415 -0.00385279373201 -0.0576685071373
0.0042 -0.00352796796953 -0.0574758664107
0.00425 -0.00320557520707 -0.0572821188807
0.0043 -0.00288556496263 -0.0570873089916
0.00435 -0.00256788816011 -0.0568914800447
0.0044 -0.00225249708294 -0.0566946742206
0.00445 -0.00193934532985 -0.0564969326015
0.0045 -0.00162838777257 -0.056298295194
0.00455 -0.00131958051533 -0.0560988009519
0.0046 -0.00101288085609 -0.0558984877986
0.00465 -0.000708247249306 -0.0556973926502
0.0047 -0.000405639270289 -0.0554955514377
0.00475 -0.000105017580896 -0.0552929991292
0.0048 0.000193656103408 -0.0550897697526
0.00485 0.000490419045245 -0.0548858964169
0.0049 0.000785307515827 -0.0546814113344
0.00495 0.00107835682434 -0.0544763458417
0.005 0.00136960134627 -0.0542707304208
0.00505 0.00165907455069 -0.0540645947202
0.0051 0.00194680902667 -0.0538579675748
0.00515 0.00223283650864 -0.0536508770263
0.0052 0.00251718790106 -0.0534433503427
0.00525 0.0027998933021 -0.0532354140378
0.0053 0.00308098202662 -0.0530270938901
0.00535 0.00336048262842 -0.0528184149611
0.0054 0.00363842292169 -0.0526094016141
0.00545 0.00391483000184 -0.0524000775313
0.0055 0.00418973026564 -0.0521904657318
0.00555 0.00446314943073 -0.0519805885883
0.0056 0.00473511255454 -0.0517704678439
0.00565 0.00500564405263 -0.0515601246286
0.0057 0.00527476771643 -0.0513495794748
0.00575 0.00554250673049 -0.0511388523333
0.0058 0.00580888368918 -0.0509279625881
0.00585 0.00607392061295 -0.0507169290714
0.0059 0.00633763896401 -0.0505057700784
0.00595 0.00660005966162 -0.0502945033808
0.006 0.00686120309694 -0.050083146241
0.00605 0.00712108914741 -0.0498717154255
0.0061 0.00737973719073 -0.049660227218
0.00615 0.00763716611842 -0.0494486974321
0.0062 0.00789339434904 -0.0492371414239
0.00625 0.00814843984098 -0.0490255741039
0.0063 0.00840232010493 -0.0488140099494
0.00635 0.00865505221595 -0.0486024630153
0.0064 0.00890665282521 -0.0483909469459
0.00645 0.00915713817149 -0.0481794749858
0.0065 0.0094065240922 -0.0479680599905
0.00655 0.00965482603422 -0.0477567144366
0.0066 0.00990205906438 -0.0475454504323
0.00665 0.0101482378797 -0.0473342797271
0.0067 0.0103933768172 -0.0471232137215
0.00675 0.0106374898637 -0.0469122634763
0.0068 0.0108805906651 -0.0467014397217
0.00685 0.0111226925355 -0.0464907528662
0.0069 0.0113638084661 -0.0462802130054
0.00695 0.0116039511338 -0.0460698299303
0.007 0.0118431329098 -0.0458596131355
0.00705 0.0120813658672 -0.0456495718272
0.0071 0.0123186617896 -0.0454397149311
0.00715 0.0125550321786 -0.0452300510999
0.0072 0.0127904882609 -0.0450205887204
0.00725 0.0130250409963 -0.0448113359211
0.0073 0.0132587010842 -0.0446023005792
0.00735 0.013491478971 -0.044393490327
0.0074 0.0137233848565 -0.0441849125587
0.00745 0.0139544287005 -0.0439765744372
0.0075 0.0141846202293 -0.0437684828997
0.00755 0.0144139689418 -0.0435606446644
0.0076 0.0146424841155 -0.0433530662364
0.00765 0.0148701748124 -0.0431457539129
0.0077 0.0150970498849 -0.0429387137896
0.00775 0.0153231179808 -0.0427319517657
0.0078 0.0155483875495 -0.0425254735495
0.00785 0.0157728668465 -0.0423192846632
0.0079 0.0159965639391 -0.0421133904486
0.00795 0.0162194867108 -0.0419077960714
0.008 0.0164416428669 -0.0417025065263
0.00805 0.0166630399383 -0.0414975266416
0.0081 0.0168836852869 -0.0412928610838
0.00815 0.0171035861098 -0.041088514362
0.0082 0.0173227494432 -0.0408844908319
0.00825 0.0175411821673 -0.0406807947005
0.0083 0.01775889101 -0.0404774300298
0.00835 0.0179758825511 -0.040274400741
0.0084 0.0181921632261 -0.040071710618
0.00845 0.0184077393299 -0.0398693633115
0.0085 0.0186226170207 -0.0396673623426
0.00855 0.0188368023234 -0.0394657111063
0.0086 0.0190503011332 -0.0392644128746
0.00865 0.0192631192191 -0.0390634708007
0.0087 0.0194752622269 -0.0388628879215
0.00875 0.0196867356827 -0.0386626671611
0.0088 0.019897544996 -0.038462811334
0.00885 0.0201076954624 -0.0382633231477
0.0089 0.0203171922673 -0.0380642052062
0.00895 0.020526040488 -0.0378654600126
0.009 0.020734245097 -0.0376670899717
0.00905 0.0209418109646 -0.0374690973931
0.0091 0.0211487428614 -0.0372714844933
0.00915 0.0213550454612 -0.0370742533988
0.0092 0.0215607233434 -0.0368774061484
0.00925 0.0217657809953 -0.0366809446955
0.0093 0.0219702228147 -0.0364848709106
0.00935 0.022174053112 -0.0362891865836
0.0094 0.0223772761128 -0.0360938934259
0.00945 0.0225798959598 -0.0358989930727
0.0095 0.022781916715 -0.0357044870852
0.00955 0.0229833423619 -0.0355103769526
0.0096 0.0231841768074 -0.0353166640937
0.00965 0.0233844238839 -0.0351233498597
0.0097 0.0235840873511 -0.0349304355353
0.00975 0.023783170898 -0.0347379223411
0.0098 0.0239816781446 -0.0345458114348
0.00985 0.0241796126438 -0.0343541039137
0.0099 0.0243769778828 -0.0341628008159
0.00995 0.0245737772854 -0.0339719031219
0.01 0.0247700142131 -0.0337814117567
0.01005 0.0249656919668 -0.0335913275908
0.0101 0.0251608137883 -0.0334016514421
0.01015 0.0253553828623 -0.0332123840774
0.0102 0.0255494023171 -0.0330235262133
0.01025 0.0257428752267 -0.0328350785186
0.0103 0.0259358046115 -0.0326470416146
0.01035 0.0261281934405 -0.0324594160773
0.0104 0.0263200446319 -0.0322722024381
0.01045 0.0265113610546 -0.0320854011853
0.0105 0.0267021455298 -0.0318990127655
0.01055 0.0268924008316 -0.0317130375845
0.0106 0.0270821296887 -0.0315274760084
0.01065 0.0272713347851 -0.0313423283653
0.0107 0.0274600187617 -0.0311575949456
0.01075 0.027648184217 -0.0309732760036
0.0108 0.0278358337085 -0.0307893717587
0.01085 0.0280229697532 -0.0306058823957
0.0109 0.0282095948294 -0.0304228080666
0.01095 0.0283957113767 -0.0302401488909
0.011 0.028581321798 -0.0300579049569
0.01105 0.0287664284596 -0.0298760763225
0.0111 0.0289510336924 -0.0296946630163
0.01115 0.0291351397929 -0.0295136650381
0.0112 0.029318749024 -0.0293330823598
0.01125 0.0295018636155 -0.0291529149265
0.0113 0.0296844857654 -0.028973162657
0.01135 0.0298666176404 -0.0287938254448
0.0114 0.0300482613769 -0.0286149031587
0.01145 0.0302294190813 -0.0284363956434
0.0115 0.0304100928312 -0.0282583027207
0.01155 0.0305902846759 -0.0280806241894
0.0116 0.030769996637 -0.0279033598269
0.01165 0.0309492307093 -0.0277265093892
0.0117 0.0311279888612 -0.0275500726116
0.01175 0.0313062730357 -0.0273740492097
0.0118 0.0314840851507 -0.0271984388795
0.01185 0.0316614270994 -0.0270232412983
0.0119 0.0318383007515 -0.0268484561255
0.01195 0.0320147079534 -0.0266740830024
0.012 0.0321906505287 -0.0265001215536
0.01205 0.032366130279 -0.0263265713867
0.0121 0.032541148984 -0.0261534320937
0.01215 0.0327157084025 -0.0259807032507
0.0122 0.0328898102727 -0.0258083844188
0.01225 0.0330634563125 -0.0256364751446
0.0123 0.0332366482202 -0.0254649749604
0.01235 0.0334093876751 -0.0252938833849
0.0124 0.0335816763374 -0.0251231999235
0.01245 0.0337535158492 -0.0249529240686
0.0125 0.0339249078348 -0.0247830553003
0.01255 0.0340958539007 -0.0246135930867
0.0126 0.0342663556366 -0.0244445368841
0.01265 0.0344364146156 -0.0242758861375
0.0127 0.0346060323941 -0.0241076402813
0.01275 0.0347752105129 -0.0239397987388
0.0128 0.0349439504972 -0.0237723609237
0.01285 0.0351122538568 -0.0236053262393
0.0129 0.035280122087 -0.0234386940797
0.01295 0.0354475566681 -0.0232724638296
0.013 0.0356145590665 -0.0231066348648
0.01305 0.0357811307346 -0.0229412065526
0.0131 0.0359472731113 -0.0227761782519
0.01315 0.0361129876222 -0.0226115493136
0.0132 0.0362782756797 -0.0224473190807
0.01325 0.0364431386837 -0.022283486889
0.0133 0.0366075780217 -0.0221200520668
0.01335 0.0367715950689 -0.0219570139357
0.0134 0.0369351911887 -0.0217943718103
0.01345 0.0370983677328 -0.0216321249989
0.0135 0.0372611260415 -0.0214702728037
0.01355 0.0374234674441 -0.0213088145205
0.0136 0.0375853932587 -0.0211477494397
0.01365 0.0377469047931 -0.0209870768459
0.0137 0.0379080033442 -0.0208267960185
0.01375 0.0380686901991 -0.0206669062316
0.0138 0.0382289666345 -0.0205074067544
0.01385 0.0383888339176 -0.0203482968515
0.0139 0.0385482933057 -0.0201895757826
0.01395 0.0387073460469 -0.0200312428033
0.014 0.0388659933799 -0.0198732971649
0.01405 0.0390242365345 -0.0197157381145
0.0141 0.0391820767316 -0.0195585648957
0.01415 0.0393395151833 -0.0194017767481
0.0142 0.0394965530933 -0.0192453729078
0.01425 0.0396531916569 -0.0190893526075
0.0143 0.0398094320614 -0.0189337150768
0.01435 0.0399652754859 -0.0187784595421
0.0144 0.0401207231015 -0.0186235852268
0.01445 0.040275776072 -0.0184690913516
0.0145 0.0404304355531 -0.0183149771345
0.01455 0.0405847026937 -0.0181612417908
0.0146 0.0407385786348 -0.0180078845335
0.01465 0.0408920645106 -0.0178549045735
0.0147 0.0410451614482 -0.0177023011191
0.01475 0.041197870568 -0.0175500733768
0.0148 0.0413501929833 -0.0173982205513
0.01485 0.0415021298009 -0.0172467418451
0.0149 0.0416536821213 -0.0170956364591
0.01495 0.0418048510382 -0.0169449035928
0.015 0.0419556376394 -0.0167945424439
0.01505 0.0421060430062 -0.0166445522088
0.0151 0.0422560682141 -0.0164949320824
0.01515 0.0424057143324 -0.0163456812587
0.0152 0.0425549824248 -0.0161967989303
0.01525 0.042703873549 -0.0160482842888
0.0153 0.0428523887572 -0.0159001365247
0.01535 0.0430005290959 -0.0157523548278
0.0154 0.0431482956061 -0.015604938387
0.01545 0.0432956893237 -0.0154578863905
0.0155 0.043442711279 -0.0153111980259
0.01555 0.0435893624971 -0.0151648724799
0.0156 0.0437356439981 -0.0150189089392
0.01565 0.0438815567971 -0.0148733065895
0.0157 0.0440271019041 -0.0147280646166
0.01575 0.0441722803242 -0.0145831822057
0.0158 0.0443170930578 -0.0144386585419
0.01585 0.0444615411004 -0.01429449281
0.0159 0.044605625443 -0.0141506841948
0.01595 0.0447493470718 -0.0140072318809
0.016 0.0448927069687 -0.0138641350529
0.01605 0.045035706111 -0.0137213928956
0.0161 0.0451783454716 -0.0135790045937
0.01615 0.0453206260191 -0.0134369693323
0.0162 0.0454625487177 -0.0132952862964
0.01625 0.0456041145277 -0.0131539546714
0.0163 0.0457453244048 -0.013012973643
0.01635 0.045886179301 -0.0128723423973
0.0164 0.046026680164 -0.0127320601206
0.01645 0.0461668279376 -0.0125921259999
0.0165 0.0463066235617 -0.0124525392223
0.01655 0.0464460679722 -0.0123132989758
0.0166 0.0465851621014 -0.0121744044486
0.01665 0.0467239068775 -0.0120358548299
0.0167 0.0468623032252 -0.0118976493091
0.01675 0.0470003520654 -0.0117597870765
0.0168 0.0471380543154 -0.0116222673231
0.01685 0.047275410889 -0.0114850892405
0.0169 0.0474124226962 -0.0113482520212
0.01695 0.0475490906436 -0.0112117548584
0.017 0.0476854156345 -0.0110755969462
0.01705 0.0478213985686 -0.0109397774795
0.0171 0.0479570403421 -0.010804295654
0.01715 0.0480923418482 -0.0106691506667
0.0172 0.0482273039764 -0.010534341715
0.01725 0.0483619276133 -0.0103998679976
0.0173 0.0484962136418 -0.0102657287141
0.01735 0.0486301629421 -0.0101319230651
0.0174 0.0487637763909 -0.00999845025239
0.01745 0.0488970548619 -0.00986530947859
0.0175 0.0490299992256 -0.00973249994756
0.01755 0.0491626103495 -0.00960002086421
0.0176 0.0492948890981 -0.0094678714346
0.01765 0.0494268363327 -0.00933605086592
0.0177 0.049558452912 -0.00920455836653
0.01775 0.0496897396913 -0.00907339314599
0.0178 0.0498206975232 -0.00894255441506
0.01785 0.0499513272576 -0.00881204138571
0.0179 0.0500816297412 -0.00868185327116
0.01795 0.050211605818 -0.00855198928588
0.018 0.0503412563292 -0.00842244864561
0.01805 0.0504705821132 -0.00829323056738
0.0181 0.0505995840058 -0.00816433426953
0.01815 0.0507282628397 -0.0080357589717
0.0182 0.0508566194452 -0.00790750389486
0.01825 0.0509846546498 -0.00777956826134
0.0183 0.0511123692784 -0.0076519512948
0.01835 0.0512397641531 -0.0075246522203
0.0184 0.0513668400936 -0.00739767026424
0.01845 0.0514935979168 -0.00727100465445
0.0185 0.0516200384372 -0.00714465462013
0.01855 0.0517461624666 -0.00701861939192
0.0186 0.0518719708143 -0.00689289820186
0.01865 0.0519974642872 -0.00676749028345
0.0187 0.0521226436895 -0.00664239487159
0.01875 0.0522475098231 -0.00651761120267
0.0188 0.0523720634873 -0.00639313851453
0.01885 0.0524963054791 -0.00626897604647
0.0189 0.052620236593 -0.00614512303926
0.01895 0.052743857621 -0.00602157873518
0.019 0.0528671693529 -0.00589834237798
0.01905 0.052990172576 -0.00577541321291
0.0191 0.0531128680754 -0.00565279048673
0.01915 0.0532352566335 -0.00553047344771
0.0192 0.0533573390309 -0.00540846134564
0.01925 0.0534791160454 -0.00528675343183
0.0193 0.0536005884528 -0.00516534895911
0.01935 0.0537217570266 -0.00504424718187
0.0194 0.0538426225379 -0.00492344735601
0.01945 0.0539631857557 -0.004802948739
0.0195 0.0540834474466 -0.00468275058983
0.01955 0.0542034083751 -0.00456285216907
0.0196 0.0543230693036 -0.00444325273884
0.01965 0.0544424309921 -0.0043239515628
0.0197 0.0545614941984 -0.0042049479062
0.01975 0.0546802596783 -0.00408624103585
0.0198 0.0547987281855 -0.00396783022012
0.01985 0.0549169004712 -0.00384971472898
0.0199 0.0550347772849 -0.00373189383396
0.01995 0.0551523593737 -0.00361436680816
0.02 0.0552696474827 -0.00349713292628
0.02005 0.0553866423549 -0.0033801914646
0.0201 0.0555033447312 -0.00326354170099
0.02015 0.0556197553504 -0.00314718291489
0.0202 0.0557358749493 -0.00303111438734
0.02025 0.0558517042626 -0.00291533540099
0.0203 0.0559672440229 -0.00279984524007
0.02035 0.056082494961 -0.00268464319039
0.0204 0.0561974578055 -0.00256972853939
0.02045 0.056312133283 -0.00245510057606
0.0205 0.0564265221181 -0.00234075859103
0.02055 0.0565406250335 -0.00222670187652
0.0206 0.0566544427497 -0.00211292972632
0.02065 0.0567679759856 -0.00199944143587
0.0207 0.0568812254578 -0.00188623630216
0.02075 0.0569941918811 -0.00177331362381
0.0208 0.0571068759684 -0.00166067270104
0.02085 0.0572192784305 -0.00154831283566
0.0209 0.0573313999764 -0.00143623333108
0.02095 0.0574432413133 -0.00132443349231
0.021 0.0575548031462 -0.00121291262599
0.02105 0.0576660861783 -0.00110167004031
0.0211 0.0577770911112 -0.000990705045088
0.02115 0.0578878186443 -0.000880016951746
0.0212 0.0579982694751 -0.00076960507329
0.02125 0.0581084442994 -0.000659468724329
0.0213 0.0582183438112 -0.000549607221068
0.02135 0.0583279687024 -0.000440019881307
0.0214 0.0584373196633 -0.000330706024441
0.02145 0.0585463973822 -0.00022166497146
0.0215 0.0586552025457 -0.000112896044943
0.02155 0.0587637358384 -4.39856906351e-06
0.0216 0.0588719979433 0.000103828130417
0.02165 0.0589799895415 0.000211784726147
0.0217 0.0590877113123 0.000319471889189
0.02175 0.0591951639332 0.000426890289019
0.0218 0.0593023480798 0.000534040593531
0.02185 0.0594092644263 0.000640923469034
0.0219 0.0595159136447 0.000747539580256
0.02195 0.0596222964054 0.000853889590349
0.022 0.0597284133772 0.000959974160884
0.02205 0.0598342652269 0.00106579395186
0.0221 0.0599398526197 0.0011713496217
0.02215 0.0600451762189 0.00127664182725
0.0222 0.0601502366864 0.00138167122381
0.02225 0.060255034682 0.00148643846507
0.0223 0.0603595708641 0.0015909442032
0.02235 0.0604638458891 0.00169518908877
0.0224 0.0605678604119 0.00179917377082
0.02245 0.0606716150856 0.0019028988968
0.0225 0.0607751105616 0.00200636511263
0.02255 0.0608783474897 0.00210957306265
0.0226 0.0609813265179 0.00221252338968
0.02265 0.0610840482927 0.00231521673496
0.0227 0.0611865134587 0.0024176537382
0.02275 0.0612887226591 0.00251983503756
0.0228 0.061390676535 0.00262176126964
0.02285 0.0614923757264 0.00272343306954
0.0229 0.0615938208713 0.00282485107079
0.02295 0.061695012606 0.00292601590539
0.023 0.0617959515655 0.00302692820381
0.02305 0.0618966383829 0.003127588595
0.0231 0.0619970736897 0.00322799770637
0.02315 0.0620972581159 0.00332815616381
0.0232 0.0621971922896 0.00342806459169
0.02325 0.0622968768377 0.00352772361286
0.0233 0.0623963123852 0.00362713384865
0.02335 0.0624954995555 0.00372629591888
0.0234 0.0625944389707 0.00382521044185
0.02345 0.0626931312508 0.00392387803437
0.0235 0.0627915770147 0.00402229931172
0.02355 0.0628897768794 0.00412047488771
0.0236 0.0629877314606 0.00421840537463
0.02365 0.0630854413721 0.00431609138326
0.0237 0.0631829072264 0.00441353352291
0.02375 0.0632801296343 0.0045107324014
0.0238 0.0633771092051 0.00460768862504
0.02385 0.0634738465465 0.00470440279866
0.0239 0.0635703422647 0.00480087552564
0.02395 0.0636665969643 0.00489710740783
0.024 0.0637626112485 0.00499309904564
0.02405 0.0638583857188 0.005088851038
0.0241 0.0639539209751 0.00518436398236
0.02415 0.0640492176161 0.00527963847471
0.0242 0.0641442762388 0.00537467510957
0.02425 0.0642390974385 0.00546947448
0.0243 0.0643336818092 0.00556403717761
0.02435 0.0644280299434 0.00565836379255
0.0244 0.0645221424321 0.00575245491352
0.02445 0.0646160198646 0.00584631112775
0.0245 0.064709662829 0.00593993302106
0.02455 0.0648030719116 0.0060333211778
0.0246 0.0648962476975 0.00612647618088
0.02465 0.0649891907702 0.0062193986118
0.0247 0.0650819017116 0.00631208905059
0.02475 0.0651743811023 0.00640454807588
0.0248 0.0652666295215 0.00649677626485
0.02485 0.0653586475466 0.00658877419327
0.0249 0.0654504357538 0.00668054243547
0.02495 0.0655419947179 0.0067720815644
0.025 0.065633325012 0.00686339215155
0.02505 0.0657244272079 0.00695447476703
0.0251 0.0658153018761 0.00704532997952
0.02515 0.0659059495853 0.0071359583563
0.0252 0.0659963709031 0.00722636046326
0.02525 0.0660865663955 0.00731653686488
0.0253 0.0661765366271 0.00740648812425
0.02535 0.0662662821611 0.00749621480304
0.0254 0.0663558035592 0.00758571746157
0.02545 0.0664451013817 0.00767499665875
0.0255 0.0665341761877 0.00776405295211
0.02555 0.0666230285346 0.0078528868978
0.0256 0.0667116589785 0.00794149905059
0.02565 0.0668000680741 0.00802988996388
0.0257 0.0668882563749 0.0081180601897
0.02575 0.0669762244326 0.0082060102787
0.0258 0.0670639727978 0.00829374078018
0.02585 0.0671515020196 0.00838125224207
0.0259 0.0672388126459 0.00846854521094
0.02595 0.067325905223 0.00855562023202
0.026 0.0674127802959 0.00864247784916
0.02605 0.0674994384082 0.00872911860488
0.0261 0.0675858801022 0.00881554304035
0.02615 0.0676721059189 0.00890175169539
0.0262 0.0677581163977 0.0089877451085
0.02625 0.0678439120768 0.00907352381683
0.0263 0.0679294934931 0.00915908835619
0.02635 0.0680148611821 0.00924443926106
0.0264 0.0681000156778 0.0093295770646
0.02645 0.0681849575132 0.00941450229866
0.0265 0.0682696872196 0.00949921549374
0.02655 0.0683542053271 0.00958371717903
0.0266 0.0684385123646 0.00966800788242
0.02665 0.0685226088596 0.00975208813048
0.0267 0.068606495338 0.00983595844846
0.02675 0.0686901723248 0.00991961936032
0.0268 0.0687736403435 0.0100030713887
0.02685 0.0688568999162 0.010086315055
0.0269 0.0689399515639 0.0101693508792
0.02695 0.0690227958059 0.0102521793801
0.027 0.0691054331607 0.0103348010752
0.02705 0.0691878641452 0.0104172164807
0.0271 0.0692700892751 0.0104994261114
0.02715 0.0693521090646 0.010581430481
0.0272 0.069433924027 0.0106632301018
0.02725 0.0695155346739 0.010744825485
0.0273 0.0695969415159 0.0108262171402
0.02735 0.0696781450621 0.010907405576
0.0274 0.0697591458207 0.0109883912998
0.02745 0.0698399442981 0.0110691748174
0.0275 0.0699205409999 0.0111497566336
0.02755 0.0700009364302 0.0112301372519
0.0276 0.0700811310918 0.0113103171746
0.02765 0.0701611254863 0.0113902969026
0.0277 0.0702409201141 0.0114700769357
0.02775 0.0703205154743 0.0115496577722
0.0278 0.0703999120647 0.0116290399096
0.02785 0.070479110382 0.0117082238438
0.0279 0.0705581109215 0.0117872100695
0.02795 0.0706369141773 0.0118659990804
0.028 0.0707155206423 0.0119445913687
0.02805 0.0707939308081 0.0120229874255
0.0281 0.0708721451651 0.0121011877406
0.02815 0.0709501642026 0.0121791928028
0.0282 0.0710279884084 0.0122570030995
0.02825 0.0711056182693 0.0123346191167
0.0283 0.0711830542708 0.0124120413397
0.02835 0.0712602968973 0.012489270252
0.0284 0.0713373466318 0.0125663063364
0.02845 0.0714142039561 0.0126431500742
0.0285 0.0714908693509 0.0127198019456
0.02855 0.0715673432958 0.0127962624296
0.0286 0.071643626269 0.0128725320039
0.02865 0.0717197187474 0.0129486111452
0.0287 0.0717956212071 0.0130245003289
0.02875 0.0718713341227 0.0131002000292
0.0288 0.0719468579676 0.0131757107191
0.02885 0.0720221932143 0.0132510328706
0.0289 0.0720973403337 0.0133261669543
0.02895 0.0721722997959 0.0134011134397
0.029 0.0722470720696 0.0134758727952
0.02905 0.0723216576225 0.013550445488
0.0291 0.0723960569209 0.013624831984
0.02915 0.07247027043 0.0136990327482
0.0292 0.0725442986141 0.0137730482442
0.02925 0.072618141936 0.0138468789345
0.0293 0.0726918008575 0.0139205252806
0.02935 0.0727652758392 0.0139939877426
0.0294 0.0728385673406 0.0140672667797
0.02945 0.07291167582 0.0141403628497
0.0295 0.0729846017346 0.0142132764096
0.02955 0.0730573455404 0.0142860079149
0.0296 0.0731299076922 0.0143585578202
0.02965 0.0732022886438 0.0144309265789
0.0297 0.0732744888479 0.0145031146432
0.02975 0.0733465087559 0.0145751224642
0.0298 0.0734183488182 0.014646950492
0.02985 0.0734900094839 0.0147185991754
0.0299 0.0735614912012 0.0147900689622
0.02995 0.0736327944171 0.014861360299
0.03 0.0737039195774 0.0149324736314
0.03005 0.0737748671269 0.0150034094038
0.0301 0.0738456375091 0.0150741680596
0.03015 0.0739162311667 0.0151447500408
0.0302 0.073986648541 0.0152151557886
0.03025 0.0740568900724 0.015285385743
0.0303 0.0741269562 0.015355440343
0.03035 0.074196847362 0.0154253200263
0.0304 0.0742665639953 0.0154950252296
0.03045 0.074336106536 0.0155645563886
0.0305 0.0744054754189 0.0156339139377
0.03055 0.0744746710776 0.0157030983106
0.0306 0.0745436939448 0.0157721099395
0.03065 0.0746125444522 0.0158409492556
0.0307 0.0746812230303 0.0159096166894
0.03075 0.0747497301084 0.0159781126698
0.0308 0.0748180661149 0.016046437625
0.03085 0.0748862314771 0.016114591982
0.0309 0.0749542266212 0.0161825761667
0.03095 0.0750220519723 0.0162503906039
0.031 0.0750897079546 0.0163180357176
0.03105 0.075157194991 0.0163855119304
0.0311 0.0752245135035 0.0164528196642
0.03115 0.075291663913 0.0165199593394
0.0312 0.0753586466395 0.0165869313757
0.03125 0.0754254621016 0.0166537361918
0.0313 0.0754921107172 0.016720374205
0.03135 0.0755585929029 0.0167868458319
0.0314 0.0756249090745 0.0168531514878
0.03145 0.0756910596466 0.0169192915873
0.0315 0.0757570450327 0.0169852665436
0.03155 0.0758228656455 0.017051076769
0.0316 0.0758885218965 0.0171167226749
0.03165 0.0759540141961 0.0171822046716
0.0317 0.0760193429539 0.0172475231682
0.03175 0.0760845085783 0.017312678573
0.0318 0.0761495114768 0.0173776712932
0.03185 0.0762143520558 0.0174425017351
0.0319 0.0762790307206 0.0175071703037
0.03195 0.0763435478757 0.0175716774032
0.032 0.0764079039244 0.0176360234369
0.03205 0.0764720992691 0.0177002088068
0.0321 0.0765361343112 0.0177642339141
0.03215 0.076600009451 0.0178280991589
0.0322 0.0766637250879 0.0178918049404
0.03225 0.0767272816202 0.0179553516568
0.0323 0.0767906794453 0.0180187397051
0.03235 0.0768539189597 0.0180819694816
0.0324 0.0769170005586 0.0181450413815
0.03245 0.0769799246364 0.0182079557988
0.0325 0.0770426915866 0.0182707131269
0.03255 0.0771053018016 0.0183333137579
0.0326 0.0771677556729 0.0183957580831
0.03265 0.0772300535908 0.0184580464928
0.0327 0.0772921959449 0.0185201793762
0.03275 0.0773541831238 0.0185821571217
0.0328 0.0774160155148 0.0186439801166
0.03285 0.0774776935048 0.0187056487473
0.0329 0.0775392174791 0.0187671633993
0.03295 0.0776005878225 0.018828524457
0.033 0.0776618049188 0.0188897323038
0.03305 0.0777228691505 0.0189507873224
0.0331 0.0777837808995 0.0190116898943
0.03315 0.0778445405465 0.0190724404002
0.0332 0.0779051484716 0.0191330392197
0.03325 0.0779656050535 0.0191934867315
0.0333 0.0780259106702 0.0192537833136
0.03335 0.0780860656988 0.0193139293426
0.0334 0.0781460705154 0.0193739251946
0.03345 0.078205925495 0.0194337712445
0.0335 0.078265631012 0.0194934678662
0.03355 0.0783251874395 0.019553015433
0.0336 0.0783845951499 0.019612414317
0.03365 0.0784438545146 0.0196716648894
0.0337 0.0785029659041 0.0197307675205
0.03375 0.078561929688 0.0197897225798
0.0338 0.0786207462349 0.0198485304356
0.03385 0.0786794159124 0.0199071914556
0.0339 0.0787379390874 0.0199657060063
0.03395 0.0787963161258 0.0200240744534
0.034 0.0788545473925 0.0200822971619
0.03405 0.0789126332516 0.0201403744955
0.0341 0.0789705740661 0.0201983068172
0.03415 0.0790283701984 0.0202560944892
0.0342 0.0790860220098 0.0203137378725
0.03425 0.0791435298606 0.0203712373274
0.0343 0.0792008941104 0.0204285932134
0.03435 0.0792581151179 0.0204858058888
0.0344 0.0793151932407 0.0205428757113
0.03445 0.0793721288357 0.0205998030375
0.0345 0.0794289222589 0.0206565882233
0.03455 0.0794855738652 0.0207132316235
0.0346 0.079542084009 0.0207697335922
0.03465 0.0795984530433 0.0208260944824
0.0347 0.0796546813207 0.0208823146465
0.03475 0.0797107691927 0.0209383944358
0.0348 0.0797667170099 0.0209943342008
0.03485 0.079822525122 0.0210501342911
0.0349 0.079878193878 0.0211057950556
0.03495 0.0799337236259 0.0211613168419
0.035 0.0799891147128 0.0212166999973
0.03505 0.080044367485 0.0212719448677
0.0351 0.0800994822879 0.0213270517986
0.03515 0.0801544594662 0.0213820211342
0.0352 0.0802092993634 0.0214368532182
0.03525 0.0802640023224 0.0214915483933
0.0353 0.0803185686853 0.0215461070012
0.03535 0.080372998793 0.0216005293831
0.0354 0.080427292986 0.0216548158789
0.03545 0.0804814516035 0.0217089668281
0.0355 0.0805354749843 0.0217629825691
0.03555 0.0805893634659 0.0218168634394
0.0356 0.0806431173854 0.0218706097758
0.03565 0.0806967370787 0.0219242219142
0.0357 0.0807502228811 0.0219777001897
0.03575 0.0808035751269 0.0220310449366
0.0358 0.0808567941496 0.0220842564882
0.03585 0.080909880282 0.0221373351771
0.0359 0.0809628338559 0.022190281335
0.03595 0.0810156552023 0.0222430952929
0.036 0.0810683446515 0.0222957773809
0.03605 0.0811209025329 0.0223483279281
0.0361 0.0811733291749 0.0224007472631
0.03615 0.0812256249055 0.0224530357135
0.0362 0.0812777900514 0.0225051936061
0.03625 0.0813298249387 0.0225572212667
0.0363 0.0813817298929 0.0226091190208
0.03635 0.0814335052383 0.0226608871925
0.0364 0.0814851512986 0.0227125261054
0.03645 0.0815366683968 0.0227640360823
0.0365 0.0815880568547 0.0228154174452
0.03655 0.0816393169938 0.0228666705151
0.0366 0.0816904491344 0.0229177956123
0.03665 0.0817414535962 0.0229687930565
0.0367 0.081792330698 0.0230196631663
0.03675 0.0818430807579 0.0230704062597
0.0368 0.0818937040932 0.0231210226538
0.03685 0.0819442010202 0.023171512665
0.0369 0.0819945718547 0.0232218766088
0.03695 0.0820448169116 0.0232721148001
0.037 0.082094936505 0.0233222275527
0.03705 0.0821449309482 0.02337221518
0.0371 0.0821948005536 0.0234220779942
0.03715 0.0822445456331 0.0234718163072
0.0372 0.0822941664977 0.0235214304296
0.03725 0.0823436634575 0.0235709206717
0.0373 0.0823930368219 0.0236202873427
0.03735 0.0824422868997 0.0236695307512
0.0374 0.0824914139986 0.023718651205
0.03745 0.0825404184258 0.0237676490109
0.0375 0.0825893004877 0.0238165244754
0.03755 0.0826380604897 0.0238652779038
0.0376 0.0826866987368 0.0239139096009
0.03765 0.0827352155329 0.0239624198706
0.0377 0.0827836111814 0.0240108090161
0.03775 0.0828318859848 0.0240590773398
0.0378 0.0828800402449 0.0241072251434
0.03785 0.0829280742626 0.0241552527279
0.0379 0.0829759883383 0.0242031603933
0.03795 0.0830237827715 0.0242509484392
0.038 0.083071457861 0.0242986171642
0.03805 0.0831190139048 0.0243461668662
0.0381 0.0831664512001 0.0243935978424
0.03815 0.0832137700436 0.0244409103893
0.0382 0.083260970731 0.0244881048026
0.03825 0.0833080535573 0.0245351813772
0.0383 0.083355018817 0.0245821404073
0.03835 0.0834018668036 0.0246289821865
0.0384 0.0834485978099 0.0246757070075
0.03845 0.0834952121281 0.0247223151623
0.0385 0.0835417100495 0.0247688069423
0.03855 0.0835880918649 0.0248151826379
0.0386 0.0836343578642 0.0248614425392
0.03865 0.0836805083366 0.0249075869351
0.0387 0.0837265435705 0.0249536161141
0.03875 0.0837724638538 0.0249995303639
0.0388 0.0838182694736 0.0250453299714
0.03885 0.0838639607161 0.0250910152229
0.0389 0.083909537867 0.025136586404
0.03895 0.0839550012111 0.0251820437993
0.039 0.0840003510328 0.0252273876931
0.03905 0.0840455876154 0.0252726183687
0.0391 0.0840907112418 0.0253177361089
0.03915 0.084135722194 0.0253627411956
0.0392 0.0841806207534 0.0254076339101
0.03925 0.0842254072007 0.025452414533
0.0393 0.0842700818158 0.0254970833441
0.03935 0.084314644878 0.0255416406227
0.0394 0.0843590966659 0.0255860866472
0.03945 0.0844034374573 0.0256304216954
0.0395 0.0844476675295 0.0256746460444
0.03955 0.0844917871588 0.0257187599706
0.0396 0.0845357966211 0.0257627637497
0.03965 0.0845796961916 0.0258066576568
0.0397 0.0846234861445 0.0258504419662
0.03975 0.0846671667538 0.0258941169515
0.0398 0.0847107382923 0.0259376828857
0.03985 0.0847542010325 0.025981140041
0.0399 0.0847975552461 0.0260244886892
0.03995 0.0848408012041 0.0260677291011
0.04 0.0848839391768 0.026110861547
0.04005 0.0849269694338 0.0261538862964
0.0401 0.0849698922442 0.0261968036183
0.04015 0.0850127078763 0.0262396137808
0.0402 0.0850554165977 0.0262823170517
0.04025 0.0850980186754 0.0263249136976
0.0403 0.0851405143756 0.026367403985
0.04035 0.0851829039641 0.0264097881793
0.0404 0.0852251877058 0.0264520665454
0.04045 0.0852673658651 0.0264942393477
0.0405 0.0853094387055 0.0265363068496
0.04055 0.0853514064901 0.0265782693141
0.0406 0.0853932694812 0.0266201270034
0.04065 0.0854350279405 0.0266618801792
0.0407 0.0854766821291 0.0267035291024
0.04075 0.0855182323073 0.0267450740334
0.0408 0.0855596787349 0.0267865152317
0.04085 0.0856010216709 0.0268278529564
0.0409 0.0856422613737 0.0268690874659
0.04095 0.0856833981012 0.0269102190179
0.041 0.0857244321106 0.0269512478693
0.04105 0.0857653636582 0.0269921742768
0.0411 0.085806193 0.027032998496
0.04115 0.0858469203912 0.0270737207821
0.0412 0.0858875460863 0.0271143413897
0.04125 0.0859280703394 0.0271548605725
0.0413 0.0859684934037 0.0271952785839
0.04135 0.086008815532 0.0272355956765
0.0414 0.0860490369762 0.0272758121022
0.04145 0.0860891579879 0.0273159281124
0.0415 0.0861291788177 0.0273559439578
0.04155 0.0861690997159 0.0273958598886
0.0416 0.086208920932 0.0274356761541
0.04165 0.0862486427149 0.0274753930033
0.0417 0.086288265313 0.0275150106844
0.04175 0.0863277889738 0.0275545294449
0.0418 0.0863672139445 0.027593949532
0.04185 0.0864065404715 0.0276332711919
0.0419 0.0864457688007 0.0276724946704
0.04195 0.0864848991772 0.0277116202127
0.042 0.0865239318456 0.0277506480632
0.04205 0.08656286705 0.027789578466
0.0421 0.0866017050337 0.0278284116644
0.04215 0.0866404460395 0.027867147901
0.0422 0.0866790903095 0.0279057874179
0.04225 0.0867176380853 0.0279443304567
0.0423 0.086756089608 0.0279827772582
0.04235 0.0867944451177 0.0280211280627
0.0424 0.0868327048544 0.02805938311
0.04245 0.086870869057 0.0280975426391
0.0425 0.0869089379643 0.0281356068885
0.04255 0.0869469118142 0.0281735760961
0.0426 0.086984790844 0.0282114504993
0.04265 0.0870225752905 0.0282492303347
0.0427 0.0870602653899 0.0282869158384
0.04275 0.0870978613778 0.0283245072461
0.0428 0.0871353634892 0.0283620047926
0.04285 0.0871727719586 0.0283994087123
0.0429 0.0872100870197 0.028436719239
0.04295 0.0872473089058 0.0284739366058
0.043 0.0872844378496 0.0285110610454
0.04305 0.0873214740831 0.0285480927899
0.0431 0.087358417838 0.0285850320706
0.04315 0.087395269345 0.0286218791184
0.0432 0.0874320288346 0.0286586341636
0.04325 0.0874686965365 0.028695297436
0.0433 0.08750527268 0.0287318691647
0.04335 0.0875417574936 0.0287683495782
0.0434 0.0875781512055 0.0288047389046
0.04345 0.0876144540431 0.0288410373713
0.0435 0.0876506662333 0.0288772452051
0.04355 0.0876867880026 0.0289133626324
0.0436 0.0877228195766 0.0289493898789
0.04365 0.0877587611807 0.0289853271698
0.0437 0.0877946130394 0.0290211747296
0.04375 0.0878303753769 0.0290569327825
0.0438 0.0878660484168 0.0290926015519
0.04385 0.0879016323819 0.0291281812607
0.0439 0.0879371274948 0.0291636721313
0.04395 0.0879725339774 0.0291990743855
0.044 0.0880078520508 0.0292343882446
0.04405 0.088043081936 0.0292696139294
0.0441 0.0880782238531 0.0293047516599
0.04415 0.0881132780217 0.0293398016558
0.0442 0.0881482446611 0.0293747641361
0.04425 0.0881831239897 0.0294096393194
0.0443 0.0882179162256 0.0294444274236
0.04435 0.0882526215862 0.0294791286661
0.0444 0.0882872402886 0.0295137432639
0.04445 0.0883217725491 0.0295482714333
0.0445 0.0883562185835 0.02958271339
0.04455 0.0883905786072 0.0296170693494
0.0446 0.0884248528349 0.0296513395261
0.04465 0.0884590414809 0.0296855241344
0.0447 0.0884931447589 0.0297196233879
0.04475 0.088527162882 0.0297536374998
0.0448 0.088561096063 0.0297875666825
0.04485 0.0885949445138 0.0298214111482
0.0449 0.0886287084461 0.0298551711084
0.04495 0.088662388071 0.0298888467741
0.045 0.0886959835989 0.0299224383558
0.04505 0.0887294952398 0.0299559460635
0.0451 0.0887629232033 0.0299893701064
0.04515 0.0887962676983 0.0300227106936
0.0452 0.0888295289331 0.0300559680334
0.04525 0.0888627071158 0.0300891423338
0.0453 0.0888958024536 0.0301222338019
0.04535 0.0889288151535 0.0301552426447
0.0454 0.0889617454219 0.0301881690684
0.04545 0.0889945934645 0.0302210132789
0.0455 0.0890273594866 0.0302537754813
0.04555 0.0890600436932 0.0302864558806
0.0456 0.0890926462885 0.0303190546809
0.04565 0.0891251674762 0.030351572086
0.0457 0.0891576074597 0.030384008299
0.04575 0.0891899664418 0.0304163635229
0.0458 0.0892222446246 0.0304486379596
0.04585 0.08925444221 0.0304808318111
0.0459 0.0892865593992 0.0305129452784
0.04595 0.089318596393 0.0305449785623
0.046 0.0893505533916 0.030576931863
0.04605 0.0893824305948 0.0306088053803
0.0461 0.0894142282019 0.0306405993132
0.04615 0.0894459464115 0.0306723138606
0.0462 0.089477585422 0.0307039492206
0.04625 0.0895091454311 0.030735505591
0.0463 0.0895406266361 0.030766983169
0.04635 0.0895720292338 0.0307983821513
0.0464 0.0896033534204 0.0308297027342
0.04645 0.0896345993918 0.0308609451134
0.0465 0.0896657673433 0.0308921094842
0.04655 0.0896968574696 0.0309231960414
0.0466 0.0897278699652 0.0309542049793
0.04665 0.0897588050238 0.0309851364916
0.0467 0.0897896628388 0.0310159907717
0.04675 0.0898204436032 0.0310467680124
0.0468 0.0898511475093 0.0310774684061
0.04685 0.089881774749 0.0311080921447
0.0469 0.0899123255138 0.0311386394196
0.04695 0.0899427999946 0.0311691104216
0.047 0.089973198382 0.0311995053413
0.04705 0.0900035208658 0.0312298243685
0.0471 0.0900337676358 0.0312600676929
0.04715 0.0900639388809 0.0312902355033
0.0472 0.0900940347896 0.0313203279884
0.04725 0.0901240555503 0.0313503453363
0.0473 0.0901540013504 0.0313802877345
0.04735 0.0901838723772 0.0314101553702
0.0474 0.0902136688173 0.03143994843
0.04745 0.0902433908571 0.0314696671002
0.0475 0.0902730386823 0.0314993115666
0.04755 0.0903026124783 0.0315288820143
0.0476 0.0903321124298 0.0315583786282
0.04765 0.0903615387212 0.0315878015927
0.0477 0.0903908915366 0.0316171510916
0.04775 0.0904201710594 0.0316464273084
0.0478 0.0904493774725 0.031675630426
0.04785 0.0904785109587 0.0317047606271
0.0479 0.0905075716998 0.0317338180936
0.04795 0.0905365598777 0.0317628030071
0.048 0.0905654756735 0.0317917155489
0.04805 0.0905943192679 0.0318205558995
0.0481 0.0906230908412 0.0318493242393
0.04815 0.0906517905733 0.0318780207481
0.0482 0.0906804186436 0.0319066456053
0.04825 0.0907089752309 0.0319351989896
0.0483 0.0907374605139 0.0319636810796
0.04835 0.0907658746705 0.0319920920533
0.0484 0.0907942178783 0.0320204320883
0.04845 0.0908224903146 0.0320487013617
0.0485 0.090850692156 0.0320769000502
0.04855 0.0908788235788 0.03210502833
0.0486 0.0909068847589 0.0321330863768
0.04865 0.0909348758716 0.0321610743662
0.0487 0.0909627970919 0.032188992473
0.04875 0.0909906485944 0.0322168408717
0.0488 0.0910184305531 0.0322446197363
0.04885 0.0910461431417 0.0322723292405
0.0489 0.0910737865333 0.0322999695575
0.04895 0.0911013609008 0.0323275408599
0.049 0.0911288664166 0.0323550433202
0.04905 0.0911563032526 0.0323824771102
0.0491 0.0911836715802 0.0324098424013
0.04915 0.0912109715705 0.0324371393647
0.0492 0.0912382033942 0.0324643681709
0.04925 0.0912653672214 0.0324915289901
0.0493 0.0912924632221 0.032518621992
0.04935 0.0913194915655 0.032545647346
0.0494 0.0913464524205 0.032572605221
0.04945 0.0913733459558 0.0325994957855
0.0495 0.0914001723393 0.0326263192075
0.04955 0.0914269317389 0.0326530756547
0.0496 0.0914536243217 0.0326797652943
0.04965 0.0914802502545 0.0327063882932
0.0497 0.0915068097039 0.0327329448177
0.04975 0.0915333028358 0.0327594350337
0.0498 0.0915597298158 0.032785859107
0.04985 0.0915860908091 0.0328122172025
0.0499 0.0916123859805 0.0328385094852
0.04995 0.0916386154943 0.0328647361191
0.05 0.0916647795144 0.0328908972684
0.05005 0.0916908782045 0.0329169930965
0.0501 0.0917169117277 0.0329430237665
0.05015 0.0917428802466 0.0329689894411
0.0502 0.0917687839236 0.0329948902826
0.05025 0.0917946229206 0.0330207264528
0.0503 0.0918203973992 0.0330464981133
0.05035 0.0918461075203 0.033072205425
0.0504 0.0918717534448 0.0330978485488
0.05045 0.0918973353328 0.0331234276448
0.0505 0.0919228533444 0.0331489428729
0.05055 0.091948307639 0.0331743943926
0.0506 0.0919736983757 0.033199782363
0.05065 0.0919990257132 0.0332251069427
0.0507 0.0920242898099 0.0332503682901
0.05075 0.0920494908236 0.0332755665629
0.0508 0.0920746289119 0.0333007019187
0.05085 0.0920997042319 0.0333257745146
0.0509 0.0921247169403 0.0333507845073
0.05095 0.0921496671934 0.0333757320531
0.051 0.0921745551473 0.0334006173079
0.05105 0.0921993809575 0.0334254404273
0.0511 0.0922241447791 0.0334502015664
0.05115 0.092248846767 0.0334749008799
0.0512 0.0922734870755 0.0334995385223
0.05125 0.0922980658586 0.0335241146475
0.0513 0.0923225832701 0.0335486294091
0.05135 0.0923470394631 0.0335730829603
0.0514 0.0923714345904 0.033597475454
0.05145 0.0923957688047 0.0336218070426
0.0515 0.0924200422579 0.0336460778782
0.05155 0.0924442551018 0.0336702881125
0.0516 0.0924684074878 0.0336944378968
0.05165 0.0924924995668 0.033718527382
0.0517 0.0925165314893 0.0337425567188
0.05175 0.0925405034057 0.0337665260572
0.0518 0.0925644154657 0.0337904355471
0.05185 0.0925882678188 0.0338142853379
0.0519 0.0926120606141 0.0338380755787
0.05195 0.0926357940003 0.0338618064182
0.052 0.0926594681258 0.0338854780046
0.05205 0.0926830831384 0.033909090486
0.0521 0.0927066391859 0.03393264401
0.05215 0.0927301364155 0.0339561387236
0.0522 0.092753574974 0.0339795747738
0.05225 0.092776955008 0.0340029523071
0.0523 0.0928002766635 0.0340262714695
0.05235 0.0928235400864 0.0340495324068
0.0524 0.092846745422 0.0340727352644
0.05245 0.0928698928154 0.0340958801873
0.0525 0.0928929824113 0.0341189673201
0.05255 0.092916014354 0.0341419968072
0.0526 0.0929389887874 0.0341649687925
0.05265 0.0929619058553 0.0341878834195
0.0527 0.0929847657007 0.0342107408315
0.05275 0.0930075684666 0.0342335411713
0.0528 0.0930303142955 0.0342562845815
0.05285 0.0930530033296 0.0342789712041
0.0529 0.0930756357107 0.034301601181
0.05295 0.0930982115803 0.0343241746537
0.053 0.0931207310794 0.0343466917631
0.05305 0.0931431943489 0.0343691526501
0.0531 0.0931656015291 0.0343915574549
0.05315 0.0931879527602 0.0344139063177
0.0532 0.0932102481817 0.0344361993781
0.05325 0.093232487933 0.0344584367755
0.0533 0.0932546721533 0.0344806186488
0.05335 0.093276800981 0.0345027451366
0.0534 0.0932988745546 0.0345248163774
0.05345 0.093320893012 0.0345468325089
0.0535 0.0933428564908 0.0345687936689
0.05355 0.0933647651284 0.0345906999945
0.0536 0.0933866190616 0.0346125516226
0.05365 0.093408418427 0.03463434869
0.0537 0.0934301633609 0.0346560913327
0.05375 0.0934518539993 0.0346777796867
0.0538 0.0934734904777 0.0346994138875
0.05385 0.0934950729313 0.0347209940704
0.0539 0.093516601495 0.0347425203702
0.05395 0.0935380763034 0.0347639929214
0.054 0.0935594974908 0.0347854118583
0.05405 0.0935808651909 0.0348067773147
0.0541 0.0936021795374 0.0348280894242
0.05415 0.0936234406636 0.03484934832
0.0542 0.0936446487022 0.0348705541349
0.05425 0.0936658037858 0.0348917070014
0.0543 0.0936869060467 0.0349128070519
0.05435 0.0937079556168 0.034933854418
0.0544 0.0937289526277 0.0349548492315
0.05445 0.0937498972105 0.0349757916235
0.0545 0.0937707894962 0.0349966817249
0.05455 0.0937916296153 0.0350175196663
0.0546 0.0938124176982 0.0350383055778
0.05465 0.0938331538748 0.0350590395895
0.0547 0.0938538382747 0.0350797218309
0.05475 0.0938744710271 0.0351003524313
0.0548 0.093895052261 0.0351209315195
0.05485 0.0939155821052 0.0351414592243
0.0549 0.0939360606878 0.0351619356739
0.05495 0.0939564881368 0.0351823609964
0.055 0.0939768645801 0.0352027353193
0.05505 0.0939971901449 0.03522305877
0.0551 0.0940174649583 0.0352433314755
0.05515 0.0940376891469 0.0352635535625
0.0552 0.0940578628373 0.0352837251575
0.05525 0.0940779861554 0.0353038463864
0.0553 0.0940980592272 0.0353239173751
0.05535 0.0941180821779 0.035343938249
0.0554 0.0941380551329 0.0353639091332
0.05545 0.0941579782169 0.0353838301526
0.0555 0.0941778515545 0.0354037014316
0.05555 0.0941976752698 0.0354235230944
0.0556 0.0942174494869 0.035443295265
0.05565 0.0942371743292 0.0354630180669
0.0557 0.09425684992 0.0354826916233
0.05575 0.0942764763824 0.0355023160573
0.0558 0.0942960538391 0.0355218914914
0.05585 0.0943155824123 0.0355414180481
0.0559 0.0943350622241 0.0355608958494
0.05595 0.0943544933964 0.035580325017
0.056 0.0943738760505 0.0355997056723
0.05605 0.0943932103076 0.0356190379365
0.0561 0.0944124962886 0.0356383219303
0.05615 0.094431734114 0.0356575577744
0.0562 0.094450923904 0.035676745589
0.05625 0.0944700657786 0.0356958854939
0.0563 0.0944891598574 0.0357149776088
0.05635 0.0945082062597 0.035734022053
0.0564 0.0945272051047 0.0357530189456
0.05645 0.0945461565111 0.0357719684052
0.0565 0.0945650605973 0.0357908705504
0.05655 0.0945839174814 0.0358097254992
0.0566 0.0946027272814 0.0358285333695
0.05665 0.0946214901148 0.0358472942789
0.0567 0.0946402060989 0.0358660083445
0.05675 0.0946588753507 0.0358846756834
0.0568 0.0946774979868 0.0359032964123
0.05685 0.0946960741236 0.0359218706475
0.0569 0.0947146038773 0.035940398505
0.05695 0.0947330873637 0.0359588801008
0.057 0.0947515246983 0.0359773155503
0.05705 0.0947699159964 0.0359957049687
0.0571 0.0947882613728 0.036014048471
0.05715 0.0948065609423 0.0360323461717
0.0572 0.0948248148192 0.0360505981854
0.05725 0.0948430231177 0.036068804626
0.0573 0.0948611859515 0.0360869656074
0.05735 0.0948793034342 0.036105081243
0.0574 0.094897375679 0.0361231516461
0.05745 0.0949154027988 0.0361411769295
0.0575 0.0949333849064 0.0361591572061
0.05755 0.0949513221141 0.0361770925881
0.0576 0.0949692145341 0.0361949831876
0.05765 0.0949870622781 0.0362128291165
0.0577 0.0950048654578 0.0362306304863
0.05775 0.0950226241844 0.0362483874082
0.0578 0.0950403385689 0.0362660999933
0.05785 0.0950580087221 0.0362837683522
0.0579 0.0950756347543 0.0363013925954
0.05795 0.0950932167758 0.036318972833
0.058 0.0951107548964 0.0363365091749
0.05805 0.0951282492257 0.0363540017306
0.0581 0.0951456998732 0.0363714506096
0.05815 0.0951631069478 0.0363888559209
0.0582 0.0951804705584 0.0364062177733
0.05825 0.0951977908135 0.0364235362752
0.0583 0.0952150678214 0.0364408115349
0.05835 0.09523230169 0.0364580436604
0.0584 0.0952494925271 0.0364752327594
0.05845 0.09526664044 0.0364923789393
0.0585 0.0952837455361 0.0365094823073
0.05855 0.0953008079222 0.0365265429703
0.0586 0.0953178277049 0.0365435610349
0.05865 0.0953348049907 0.0365605366075
0.0587 0.0953517398856 0.0365774697941
0.05875 0.0953686324955 0.0365943607006
0.0588 0.095385482926 0.0366112094326
0.05885 0.0954022912824 0.0366280160954
0.0589 0.0954190576697 0.036644780794
0.05895 0.0954357821928 0.0366615036331
0.059 0.0954524649561 0.0366781847174
0.05905 0.095469106064 0.0366948241511
0.0591 0.0954857056205 0.0367114220381
0.05915 0.0955022637293 0.0367279784822
0.0592 0.0955187804939 0.0367444935869
0.05925 0.0955352560176 0.0367609674554
0.0593 0.0955516904032 0.0367774001907
0.05935 0.0955680837537 0.0367937918954
0.0594 0.0955844361713 0.0368101426721
0.05945 0.0956007477583 0.0368264526228
0.0595 0.0956170186168 0.0368427218496
0.05955 0.0956332488482 0.0368589504542
0.0596 0.0956494385542 0.0368751385378
0.05965 0.0956655878359 0.0368912862018
0.0597 0.0956816967943 0.0369073935471
0.05975 0.0956977655299 0.0369234606743
0.0598 0.0957137941433 0.0369394876838
0.05985 0.0957297827347 0.0369554746759
0.0599 0.0957457314039 0.0369714217504
0.05995 0.0957616402507 0.0369873290069
0.06 0.0957775093745 0.037003196545
0.06005 0.0957933388745 0.0370190244638
0.0601 0.0958091288496 0.0370348128623
0.06015 0.0958248793985 0.037050561839
0.0602 0.0958405906197 0.0370662714924
0.06025 0.0958562626113 0.0370819419208
0.0603 0.0958718954713 0.037097573222
0.06035 0.0958874892975 0.0371131654937
0.0604 0.0959030441872 0.0371287188335
0.06045 0.0959185602378 0.0371442333385
0.0605 0.0959340375461 0.0371597091056
0.06055 0.095949476209 0.0371751462316
0.0606 0.0959648763229 0.0371905448131
0.06065 0.0959802379841 0.0372059049461
0.0607 0.0959955612885 0.0372212267268
0.06075 0.0960108463321 0.0372365102508
0.0608 0.0960260932102 0.0372517556138
0.06085 0.0960413020183 0.0372669629109
0.0609 0.0960564728513 0.0372821322373
0.06095 0.0960716058041 0.0372972636877
0.061 0.0960867009712 0.0373123573568
0.06105 0.0961017584471 0.0373274133388
0.0611 0.0961167783258 0.0373424317278
0.06115 0.0961317607012 0.0373574126178
0.0612 0.096146705667 0.0373723561023
0.06125 0.0961616133166 0.0373872622747
0.0613 0.096176483743 0.0374021312283
0.06135 0.0961913170394 0.0374169630559
0.0614 0.0962061132984 0.0374317578502
0.06145 0.0962208726124 0.0374465157037
0.0615 0.0962355950738 0.0374612367087
0.06155 0.0962502807745 0.0374759209571
0.0616 0.0962649298064 0.0374905685408
0.06165 0.0962795422609 0.0375051795512
0.0617 0.0962941182295 0.0375197540797
0.06175 0.0963086578032 0.0375342922174
0.0618 0.0963231610729 0.0375487940552
0.06185 0.0963376281293 0.0375632596836
0.0619 0.0963520590628 0.0375776891931
0.06195 0.0963664539635 0.0375920826739
0.062 0.0963808129215 0.0376064402159
0.06205 0.0963951360265 0.0376207619089
0.0621 0.096409423368 0.0376350478424
0.06215 0.0964236750353 0.0376492981056
0.0622 0.0964378911175 0.0376635127877
0.06225 0.0964520717035 0.0376776919774
0.0623 0.0964662168819 0.0376918357635
0.06235 0.096480326741 0.0377059442342
0.0624 0.0964944013691 0.0377200174778
0.06245 0.0965084408542 0.0377340555822
0.0625 0.096522445284 0.0377480586352
0.06255 0.0965364147461 0.0377620267243
0.0626 0.0965503493276 0.0377759599368
0.06265 0.0965642491159 0.0377898583597
0.0627 0.0965781141976 0.03780372208
0.06275 0.0965919446595 0.0378175511843
0.0628 0.0966057405881 0.0378313457589
0.06285 0.0966195020695 0.0378451058903
0.0629 0.0966332291898 0.0378588316642
0.06295 0.0966469220347 0.0378725231665
0.063 0.0966605806899 0.0378861804829
0.06305 0.0966742052407 0.0378998036986
0.0631 0.0966877957723 0.0379133928988
0.06315 0.0967013523696 0.0379269481684
0.0632 0.0967148751173 0.0379404695922
0.06325 0.0967283641 0.0379539572546
0.0633 0.096741819402 0.0379674112399
0.06335 0.0967552411074 0.0379808316323
0.0634 0.0967686293 0.0379942185157
0.06345 0.0967819840636 0.0380075719736
0.0635 0.0967953054816 0.0380208920895
0.06355 0.0968085936373 0.0380341789468
0.0636 0.0968218486138 0.0380474326284
0.06365 0.0968350704938 0.0380606532172
0.0637 0.09684825936 0.0380738407957
0.06375 0.0968614152949 0.0380869954466
0.0638 0.0968745383806 0.0381001172518
0.06385 0.0968876286993 0.0381132062935
0.0639 0.0969006863327 0.0381262626535
0.06395 0.0969137113624 0.0381392864133
0.064 0.0969267038699 0.0381522776544
0.06405 0.0969396639363 0.0381652364579
0.0641 0.0969525916427 0.0381781629049
0.06415 0.0969654870698 0.0381910570761
0.0642 0.0969783502983 0.0382039190522
0.06425 0.0969911814086 0.0382167489134
0.0643 0.0970039804808 0.0382295467401
0.06435 0.0970167475949 0.0382423126122
0.0644 0.0970294828308 0.0382550466094
0.06445 0.097042186268 0.0382677488114
0.0645 0.097054857986 0.0382804192976
0.06455 0.0970674980639 0.0382930581471
0.0646 0.0970801065808 0.0383056654389
0.06465 0.0970926836154 0.0383182412519
0.0647 0.0971052292464 0.0383307856646
0.06475 0.0971177435522 0.0383432987554
0.0648 0.0971302266109 0.0383557806026
0.06485 0.0971426785007 0.0383682312841
0.0649 0.0971550992993 0.0383806508778
0.06495 0.0971674890844 0.0383930394613
0.065 0.0971798479334 0.038405397112
0.06505 0.0971921759236 0.0384177239071
0.0651 0.0972044731319 0.0384300199238
0.06515 0.0972167396354 0.0384422852388
0.0652 0.0972289755106 0.0384545199288
0.06525 0.097241180834 0.0384667240703
0.0653 0.0972533556819 0.0384788977395
0.06535 0.0972655001304 0.0384910410126
0.0654 0.0972776142554 0.0385031539653
0.06545 0.0972896981326 0.0385152366736
0.0655 0.0973017518376 0.0385272892127
0.06555 0.0973137754456 0.0385393116582
0.0656 0.0973257690319 0.0385513040851
0.06565 0.0973377326714 0.0385632665683
0.0657 0.0973496664389 0.0385751991827
0.06575 0.0973615704089 0.0385871020028
0.0658 0.0973734446559 0.0385989751031
0.06585 0.0973852892541 0.0386108185576
0.0659 0.0973971042775 0.0386226324405
0.06595 0.0974088897999 0.0386344168255
0.066 0.0974206458951 0.0386461717864
0.06605 0.0974323726364 0.0386578973966
0.0661 0.0974440700973 0.0386695937294
0.06615 0.0974557383507 0.0386812608578
0.0662 0.0974673774697 0.0386928988549
0.06625 0.097478987527 0.0387045077933
0.0663 0.0974905685951 0.0387160877456
0.06635 0.0975021207465 0.0387276387841
0.0664 0.0975136440532 0.0387391609812
0.06645 0.0975251385875 0.0387506544087
0.0665 0.097536604421 0.0387621191385
0.06655 0.0975480416255 0.0387735552423
0.0666 0.0975594502724 0.0387849627916
0.06665 0.0975708304331 0.0387963418576
0.0667 0.0975821821787 0.0388076925114
0.06675 0.0975935055801 0.0388190148241
0.0668 0.0976048007081 0.0388303088663
0.06685 0.0976160676334 0.0388415747086
0.0669 0.0976273064262 0.0388528124216
0.06695 0.0976385171569 0.0388640220753
0.067 0.0976496998956 0.0388752037399
0.06705 0.097660854712 0.0388863574853
0.0671 0.0976719816761 0.0388974833811
0.06715 0.0976830808572 0.0389085814969
0.0672 0.0976941523248 0.0389196519021
0.06725 0.0977051961481 0.0389306946658
0.0673 0.097716212396 0.0389417098571
0.06735 0.0977272011375 0.0389526975448
0.0674 0.0977381624413 0.0389636577976
0.06745 0.0977490963758 0.0389745906839
0.0675 0.0977600030093 0.0389854962722
0.06755 0.0977708824101 0.0389963746306
0.0676 0.0977817346462 0.039007225827
0.06765 0.0977925597853 0.0390180499293
0.0677 0.0978033578951 0.0390288470052
0.06775 0.0978141290432 0.0390396171221
0.0678 0.0978248732968 0.0390503603473
0.06785 0.0978355907232 0.039061076748
0.0679 0.0978462813892 0.0390717663911
0.06795 0.0978569453617 0.0390824293435
0.068 0.0978675827073 0.0390930656719
0.06805 0.0978781934927 0.0391036754426
0.0681 0.0978887777839 0.039114258722
0.06815 0.0978993356473 0.0391248155762
0.0682 0.0979098671488 0.0391353460713
0.06825 0.0979203723542 0.039145850273
0.0683 0.0979308513292 0.039156328247
0.06835 0.0979413041393 0.0391667800588
0.0684 0.0979517308497 0.0391772057736
0.06845 0.0979621315258 0.0391876054568
0.0685 0.0979725062325 0.0391979791732
0.06855 0.0979828550346 0.0392083269877
0.0686 0.0979931779968 0.039218648965
0.06865 0.0980034751836 0.0392289451695
0.0687 0.0980137466594 0.0392392156657
0.06875 0.0980239924884 0.0392494605177
0.0688 0.0980342127347 0.0392596797896
0.06885 0.0980444074621 0.0392698735452
0.0689 0.0980545767342 0.0392800418482
0.06895 0.0980647206148 0.0392901847622
0.069 0.0980748391672 0.0393003023506
0.06905 0.0980849324546 0.0393103946766
0.0691 0.0980950005401 0.0393204618033
0.06915 0.0981050434866 0.0393305037937
0.0692 0.098115061357 0.0393405207104
0.06925 0.0981250542137 0.0393505126161
0.0693 0.0981350221194 0.0393604795732
0.06935 0.0981449651363 0.039370421644
0.0694 0.0981548833264 0.0393803388907
0.06945 0.0981647767519 0.0393902313753
0.0695 0.0981746454746 0.0394000991595
0.06955 0.0981844895561 0.039409942305
0.0696 0.0981943090579 0.0394197608735
0.06965 0.0982041040415 0.0394295549261
0.0697 0.0982138745681 0.0394393245243
0.06975 0.0982236206987 0.0394490697289
0.0698 0.0982333424942 0.0394587906009
0.06985 0.0982430400154 0.0394684872011
0.0699 0.0982527133229 0.0394781595901
0.06995 0.0982623624772 0.0394878078283
0.07 0.0982719875386 0.039497431976
0.07005 0.0982815885672 0.0395070320934
0.0701 0.0982911656231 0.0395166082405
0.07015 0.0983007187661 0.0395261604771
0.0702 0.0983102480559 0.039535688863
0.07025 0.0983197535521 0.0395451934576
0.0703 0.098329235314 0.0395546743204
0.07035 0.098338693401 0.0395641315107
0.0704 0.0983481278722 0.0395735650875
0.07045 0.0983575387865 0.0395829751098
0.0705 0.0983669262027 0.0395923616365
0.07055 0.0983762901796 0.0396017247261
0.0706 0.0983856307756 0.0396110644372
0.07065 0.0983949480492 0.0396203808282
0.0707 0.0984042420585 0.0396296739574
0.07075 0.0984135128617 0.0396389438827
0.0708 0.0984227605166 0.0396481906622
0.07085 0.0984319850812 0.0396574143535
0.0709 0.098441186613 0.0396666150145
0.07095 0.0984503651695 0.0396757927025
0.071 0.0984595208082 0.0396849474749
0.07105 0.0984686535863 0.039694079389
0.0711 0.0984777635608 0.0397031885018
0.07115 0.0984868507886 0.0397122748703
0.0712 0.0984959153266 0.0397213385512
0.07125 0.0985049572315 0.0397303796013
0.0713 0.0985139765597 0.0397393980769
0.07135 0.0985229733676 0.0397483940345
0.0714 0.0985319477114 0.0397573675303
0.07145 0.0985408996473 0.0397663186203
0.0715 0.0985498292311 0.0397752473606
0.07155 0.0985587365188 0.0397841538069
0.0716 0.0985676215659 0.0397930380149
0.07165 0.098576484428 0.0398019000401
0.0717 0.0985853251605 0.0398107399379
0.07175 0.0985941438186 0.0398195577636
0.0718 0.0986029404575 0.0398283535722
0.07185 0.0986117151322 0.0398371274188
0.0719 0.0986204678974 0.0398458793582
0.07195 0.098629198808 0.039854609445
0.072 0.0986379079184 0.0398633177339
0.07205 0.0986465952831 0.0398720042792
0.0721 0.0986552609564 0.0398806691353
0.07215 0.0986639049925 0.0398893123563
0.0722 0.0986725274453 0.0398979339962
0.07225 0.0986811283689 0.039906534109
0.0723 0.0986897078168 0.0399151127483
0.07235 0.0986982658428 0.0399236699678
0.0724 0.0987068025004 0.039932205821
0.07245 0.0987153178428 0.0399407203612
0.0725 0.0987238119234 0.0399492136416
0.07255 0.0987322847952 0.0399576857153
0.0726 0.0987407365111 0.0399661366353
0.07265 0.0987491671241 0.0399745664544
0.0727 0.0987575766867 0.0399829752253
0.07275 0.0987659652516 0.0399913630005
0.0728 0.0987743328711 0.0399997298324
0.07285 0.0987826795976 0.0400080757734
0.0729 0.0987910054833 0.0400164008755
0.07295 0.0987993105801 0.040024705191
0.073 0.0988075949401 0.0400329887715
0.07305 0.0988158586149 0.040041251669
0.0731 0.0988241016562 0.040049493935
0.07315 0.0988323241155 0.0400577156211
0.0732 0.0988405260443 0.0400659167786
0.07325 0.0988487074937 0.0400740974589
0.0733 0.098856868515 0.040082257713
0.07335 0.0988650091591 0.0400903975919
0.0734 0.0988731294769 0.0400985171466
0.07345 0.0988812295192 0.0401066164277
0.0735 0.0988893093366 0.0401146954859
0.07355 0.0988973689796 0.0401227543716
0.0736 0.0989054084985 0.0401307931354
0.07365 0.0989134279437 0.0401388118273
0.0737 0.0989214273652 0.0401468104975
0.07375 0.098929406813 0.040154789196
0.0738 0.098937366337 0.0401627479727
0.07385 0.098945305987 0.0401706868772
0.0739 0.0989532258125 0.0401786059593
0.07395 0.0989611258632 0.0401865052685
0.074 0.0989690061883 0.040194384854
0.07405 0.098976866837 0.0402022447651
0.0741 0.0989847078587 0.040210085051
0.07415 0.0989925293021 0.0402179057607
0.0742 0.0990003312163 0.040225706943
0.07425 0.09900811365 0.0402334886467
0.0743 0.0990158766519 0.0402412509205
0.07435 0.0990236202703 0.0402489938128
0.0744 0.0990313445539 0.040256717372
0.07445 0.0990390495507 0.0402644216465
0.0745 0.0990467353091 0.0402721066843
0.07455 0.0990544018769 0.0402797725336
0.0746 0.0990620493023 0.0402874192421
0.07465 0.0990696776328 0.0402950468577
0.0747 0.0990772869163 0.0403026554281
0.07475 0.0990848772002 0.0403102450009
0.0748 0.099092448532 0.0403178156234
0.07485 0.0991000009591 0.040325367343
0.0749 0.0991075345286 0.0403329002068
0.07495 0.0991150492877 0.0403404142621
0.075 0.0991225452832 0.0403479095556
0.07505 0.0991300225621 0.0403553861343
0.0751 0.0991374811711 0.0403628440449
0.07515 0.0991449211567 0.040370283334
0.0752 0.0991523425656 0.0403777040482
0.07525 0.099159745444 0.0403851062337
0.0753 0.0991671298383 0.0403924899368
0.07535 0.0991744957946 0.0403998552037
0.0754 0.0991818433589 0.0404072020805
0.07545 0.0991891725772 0.040414530613
0.0755 0.0991964834953 0.0404218408471
0.07555 0.0992037761588 0.0404291328284
0.0756 0.0992110506134 0.0404364066025
0.07565 0.0992183069045 0.0404436622149
0.0757 0.0992255450775 0.0404508997109
0.07575 0.0992327651775 0.0404581191358
0.0758 0.0992399672498 0.0404653205346
0.07585 0.0992471513393 0.0404725039524
0.0759 0.099254317491 0.0404796694341
0.07595 0.0992614657496 0.0404868170245
0.076 0.0992685961599 0.0404939467682
0.07605 0.0992757087663 0.0405010587099
0.0761 0.0992828036133 0.0405081528938
0.07615 0.0992898807453 0.0405152293645
0.0762 0.0992969402066 0.0405222881661
0.07625 0.0993039820411 0.0405293293427
0.0763 0.099311006293 0.0405363529383
0.07635 0.0993180130062 0.0405433589969
0.0764 0.0993250022244 0.0405503475622
0.07645 0.0993319739913 0.0405573186779
0.0765 0.0993389283505 0.0405642723876
0.07655 0.0993458653454 0.0405712087348
0.0766 0.0993527850195 0.0405781277627
0.07665 0.099359687416 0.0405850295146
0.0767 0.0993665725779 0.0405919140338
0.07675 0.0993734405484 0.0405987813631
0.0768 0.0993802913704 0.0406056315455
0.07685 0.0993871250867 0.0406124646239
0.0769 0.0993939417399 0.0406192806409
0.07695 0.0994007413728 0.0406260796391
0.077 0.0994075240277 0.0406328616611
0.07705 0.0994142897472 0.0406396267492
0.0771 0.0994210385734 0.0406463749456
0.07715 0.0994277705486 0.0406531062927
0.0772 0.0994344857148 0.0406598208324
0.07725 0.099441184114 0.0406665186068
0.0773 0.0994478657881 0.0406731996576
0.07735 0.0994545307788 0.0406798640266
0.0774 0.0994611791278 0.0406865117555
0.07745 0.0994678108767 0.0406931428859
0.0775 0.0994744260668 0.0406997574591
0.07755 0.0994810247396 0.0407063555165
0.0776 0.0994876069363 0.0407129370994
0.07765 0.0994941726979 0.0407195022489
0.0777 0.0995007220657 0.040726051006
0.07775 0.0995072550804 0.0407325834117
0.0778 0.0995137717829 0.0407390995068
0.07785 0.099520272214 0.0407455993319
0.0779 0.0995267564143 0.0407520829278
0.07795 0.0995332244242 0.0407585503349
0.078 0.0995396762844 0.0407650015938
0.07805 0.0995461120349 0.0407714367446
0.0781 0.0995525317162 0.0407778558276
0.07815 0.0995589353682 0.0407842588829
0.0782 0.0995653230311 0.0407906459507
0.07825 0.0995716947447 0.0407970170706
0.0783 0.0995780505489 0.0408033722827
0.07835 0.0995843904834 0.0408097116266
0.0784 0.0995907145878 0.0408160351419
0.07845 0.0995970229017 0.0408223428682
0.0785 0.0996033154644 0.0408286348448
0.07855 0.0996095923154 0.0408349111112
0.0786 0.0996158534938 0.0408411717064
0.07865 0.0996220990387 0.0408474166698
0.0787 0.0996283289893 0.0408536460402
0.07875 0.0996345433844 0.0408598598566
0.0788 0.0996407422629 0.0408660581579
0.07885 0.0996469256635 0.0408722409828
0.0789 0.0996530936249 0.04087840837
0.07895 0.0996592461856 0.0408845603579
0.079 0.0996653833841 0.0408906969851
0.07905 0.0996715052588 0.0408968182898
0.0791 0.0996776118478 0.0409029243104
0.07915 0.0996837031894 0.0409090150851
0.0792 0.0996897793216 0.0409150906518
0.07925 0.0996958402825 0.0409211510485
0.0793 0.0997018861098 0.0409271963132
0.07935 0.0997079168414 0.0409332264836
0.0794 0.099713932515 0.0409392415974
0.07945 0.0997199331682 0.0409452416922
0.0795 0.0997259188385 0.0409512268054
0.07955 0.0997318895632 0.0409571969746
0.0796 0.0997378453797 0.040963152237
0.07965 0.0997437863253 0.0409690926299
0.0797 0.099749712437 0.0409750181903
0.07975 0.099755623752 0.0409809289553
0.0798 0.099761520307 0.0409868249618
0.07985 0.0997674021391 0.0409927062468
0.0799 0.099773269285 0.0409985728468
0.07995 0.0997791217812 0.0410044247987
0.08 0.0997849596645 0.041010262139
0.08005 0.0997907829713 0.0410160849042
0.0801 0.099796591738 0.0410218931306
0.08015 0.0998023860008 0.0410276868546
0.0802 0.0998081657961 0.0410334661124
0.08025 0.09981393116 0.0410392309401
0.0803 0.0998196821284 0.0410449813737
0.08035 0.0998254187373 0.0410507174492
0.0804 0.0998311410225 0.0410564392024
0.08045 0.09983684902 0.041062146669
0.0805 0.0998425427652 0.0410678398849
0.08055 0.0998482222938 0.0410735188854
0.0806 0.0998538876413 0.0410791837062
0.08065 0.0998595388432 0.0410848343826
0.0807 0.0998651759346 0.04109047095
0.08075 0.0998707989509 0.0410960934436
0.0808 0.0998764079272 0.0411017018985
0.08085 0.0998820028985 0.0411072963497
0.0809 0.0998875838999 0.0411128768323
0.08095 0.0998931509662 0.0411184433811
0.081 0.0998987041322 0.0411239960309
0.08105 0.0999042434326 0.0411295348164
0.0811 0.099909768902 0.0411350597723
0.08115 0.099915280575 0.041140570933
0.0812 0.099920778486 0.041146068333
0.08125 0.0999262626694 0.0411515520067
0.0813 0.0999317331594 0.0411570219883
0.08135 0.0999371899903 0.041162478312
0.0814 0.0999426331961 0.041167921012
0.08145 0.0999480628109 0.0411733501222
0.0815 0.0999534788686 0.0411787656766
0.08155 0.0999588814031 0.041184167709
0.0816 0.0999642704481 0.0411895562532
0.08165 0.0999696460372 0.0411949313428
0.0817 0.0999750082042 0.0412002930115
0.08175 0.0999803569825 0.0412056412928
0.0818 0.0999856924055 0.0412109762201
0.08185 0.0999910145067 0.0412162978267
0.0819 0.0999963233191 0.0412216061459
0.08195 0.100001618876 0.0412269012108
0.082 0.100006901211 0.0412321830547
0.08205 0.100012170356 0.0412374517104
0.0821 0.100017426345 0.041242707211
0.08215 0.10002266921 0.0412479495892
0.0822 0.100027898985 0.0412531788778
0.08225 0.100033115701 0.0412583951095
0.0823 0.100038319392 0.0412635983169
0.08235 0.10004351009 0.0412687885326
0.0824 0.100048687827 0.0412739657889
0.08245 0.100053852637 0.0412791301182
0.0825 0.10005900455 0.0412842815529
0.08255 0.100064143599 0.041289420125
0.0826 0.100069269817 0.0412945458668
0.08265 0.100074383236 0.0412996588102
0.0827 0.100079483887 0.0413047589872
0.08275 0.100084571802 0.0413098464297
0.0828 0.100089647013 0.0413149211694
0.08285 0.100094709552 0.0413199832382
0.0829 0.100099759451 0.0413250326676
0.08295 0.10010479674 0.0413300694891
0.083 0.100109821452 0.0413350937344
0.08305 0.100114833618 0.0413401054347
0.0831 0.100119833269 0.0413451046214
0.08315 0.100124820437 0.0413500913258
0.0832 0.100129795152 0.041355065579
0.08325 0.100134757446 0.041360027412
0.0833 0.10013970735 0.041364976856
0.08335 0.100144644895 0.0413699139418
0.0834 0.100149570111 0.0413748387004
0.08345 0.100154483029 0.0413797511624
0.0835 0.10015938368 0.0413846513585
0.08355 0.100164272095 0.0413895393195
0.0836 0.100169148305 0.0413944150759
0.08365 0.100174012339 0.041399278658
0.0837 0.100178864228 0.0414041300964
0.08375 0.100183704003 0.0414089694214
0.0838 0.100188531693 0.0414137966632
0.08385 0.100193347329 0.0414186118519
0.0839 0.100198150941 0.0414234150177
0.08395 0.100202942559 0.0414282061905
0.084 0.100207722213 0.0414329854004
0.08405 0.100212489932 0.0414377526772
0.0841 0.100217245748 0.0414425080507
0.08415 0.100221989688 0.0414472515506
0.0842 0.100226721784 0.0414519832065
0.08425 0.100231442064 0.0414567030481
0.0843 0.100236150558 0.0414614111048
0.08435 0.100240847296 0.0414661074061
0.0844 0.100245532306 0.0414707919812
0.08445 0.100250205619 0.0414754648596
0.0845 0.100254867263 0.0414801260704
0.08455 0.100259517267 0.0414847756427
0.0846 0.100264155661 0.0414894136055
0.08465 0.100268782473 0.041494039988
0.0847 0.100273397733 0.0414986548189
0.08475 0.100278001469 0.0415032581272
0.0848 0.10028259371 0.0415078499415
0.08485 0.100287174485 0.0415124302907
0.0849 0.100291743822 0.0415169992033
0.08495 0.10029630175 0.0415215567079
0.085 0.100300848298 0.0415261028329
0.08505 0.100305383493 0.0415306376068
0.0851 0.100309907364 0.041535161058
0.08515 0.10031441994 0.0415396732146
0.0852 0.100318921249 0.041544174105
0.08525 0.100323411319 0.0415486637571
0.0853 0.100327890177 0.0415531421992
0.08535 0.100332357852 0.0415576094591
0.0854 0.100336814372 0.0415620655648
0.08545 0.100341259764 0.0415665105442
0.0855 0.100345694057 0.041570944425
0.08555 0.100350117278 0.0415753672349
0.0856 0.100354529455 0.0415797790017
0.08565 0.100358930615 0.0415841797527
0.0857 0.100363320786 0.0415885695157
0.08575 0.100367699996 0.0415929483179
0.0858 0.100372068271 0.0415973161868
0.08585 0.100376425638 0.0416016731497
0.0859 0.100380772127 0.0416060192338
0.08595 0.100385107762 0.0416103544662
0.086 0.100389432572 0.0416146788741
0.08605 0.100393746583 0.0416189924844
0.0861 0.100398049823 0.0416232953242
0.08615 0.100402342318 0.0416275874204
0.0862 0.100406624096 0.0416318687997
0.08625 0.100410895182 0.0416361394889
0.0863 0.100415155604 0.0416403995147
0.08635 0.100419405388 0.0416446489038
0.0864 0.100423644561 0.0416488876826
0.08645 0.10042787315 0.0416531158778
0.0865 0.10043209118 0.0416573335156
0.08655 0.100436298678 0.0416615406225
0.0866 0.100440495671 0.0416657372248
0.08665 0.100444682184 0.0416699233487
0.0867 0.100448858244 0.0416740990204
0.08675 0.100453023877 0.0416782642659
0.0868 0.100457179109 0.0416824191113
0.08685 0.100461323966 0.0416865635825
0.0869 0.100465458473 0.0416906977056
0.08695 0.100469582657 0.0416948215062
0.087 0.100473696544 0.0416989350102
0.08705 0.100477800159 0.0417030382433
0.0871 0.100481893528 0.0417071312311
0.08715 0.100485976676 0.0417112139992
0.0872 0.100490049628 0.0417152865731
0.08725 0.100494112412 0.0417193489783
0.0873 0.100498165051 0.0417234012402
0.08735 0.100502207571 0.0417274433841
0.0874 0.100506239997 0.0417314754352
0.08745 0.100510262355 0.0417354974188
0.0875 0.10051427467 0.04173950936
0.08755 0.100518276966 0.0417435112839
0.0876 0.100522269269 0.0417475032155
0.08765 0.100526251604 0.0417514851797
0.0877 0.100530223995 0.0417554572014
0.08775 0.100534186468 0.0417594193055
0.0878 0.100538139047 0.0417633715166
0.08785 0.100542081757 0.0417673138596
0.0879 0.100546014623 0.041771246359
0.08795 0.100549937669 0.0417751690395
0.088 0.100553850919 0.0417790819255
0.08805 0.100557754398 0.0417829850415
0.0881 0.100561648131 0.0417868784119
0.08815 0.100565532142 0.0417907620611
0.0882 0.100569406455 0.0417946360132
0.08825 0.100573271094 0.0417985002926
0.0883 0.100577126084 0.0418023549233
0.08835 0.100580971448 0.0418061999295
0.0884 0.100584807211 0.0418100353351
0.08845 0.100588633397 0.0418138611642
0.0885 0.100592450029 0.0418176774407
0.08855 0.100596257131 0.0418214841885
0.0886 0.100600054728 0.0418252814312
0.08865 0.100603842842 0.0418290691927
0.0887 0.100607621498 0.0418328474966
0.08875 0.100611390719 0.0418366163665
0.0888 0.100615150529 0.0418403758261
0.08885 0.100618900951 0.0418441258987
0.0889 0.100622642009 0.0418478666078
0.08895 0.100626373726 0.0418515979769
0.089 0.100630096125 0.0418553200292
0.08905 0.10063380923 0.0418590327879
0.0891 0.100637513064 0.0418627362764
0.08915 0.100641207649 0.0418664305177
0.0892 0.10064489301 0.041870115535
0.08925 0.100648569169 0.0418737913512
0.0893 0.100652236149 0.0418774579893
0.08935 0.100655893973 0.0418811154723
0.0894 0.100659542664 0.041884763823
0.08945 0.100663182245 0.0418884030642
0.0895 0.100666812738 0.0418920332187
0.08955 0.100670434166 0.0418956543091
0.0896 0.100674046552 0.0418992663581
0.08965 0.100677649918 0.0419028693882
0.0897 0.100681244287 0.0419064634221
0.08975 0.100684829682 0.041910048482
0.0898 0.100688406124 0.0419136245905
0.08985 0.100691973636 0.0419171917699
0.0899 0.100695532241 0.0419207500425
0.08995 0.10069908196 0.0419242994305
0.09 0.100702622816 0.0419278399562
0.09005 0.100706154831 0.0419313716415
0.0901 0.100709678027 0.0419348945087
0.09015 0.100713192426 0.0419384085797
0.0902 0.10071669805 0.0419419138765
0.09025 0.100720194921 0.041945410421
0.0903 0.100723683061 0.0419488982351
0.09035 0.100727162491 0.0419523773405
0.0904 0.100730633233 0.041955847759
0.09045 0.10073409531 0.0419593095123
0.0905 0.100737548742 0.0419627626221
0.09055 0.100740993552 0.0419662071098
0.0906 0.10074442976 0.0419696429971
0.09065 0.100747857388 0.0419730703053
0.0907 0.100751276458 0.041976489056
0.09075 0.100754686991 0.0419798992705
0.0908 0.100758089009 0.0419833009702
0.09085 0.100761482532 0.0419866941761
0.0909 0.100764867582 0.0419900789097
0.09095 0.10076824418 0.041993455192
0.091 0.100771612346 0.0419968230441
0.09105 0.100774972103 0.0420001824872
0.0911 0.100778323472 0.0420035335421
0.09115 0.100781666472 0.0420068762298
0.0912 0.100785001125 0.0420102105712
0.09125 0.100788327452 0.0420135365872
0.0913 0.100791645473 0.0420168542986
0.09135 0.10079495521 0.042020163726
0.0914 0.100798256683 0.0420234648902
0.09145 0.100801549913 0.0420267578117
0.0915 0.10080483492 0.0420300425113
0.09155 0.100808111724 0.0420333190094
0.0916 0.100811380347 0.0420365873264
0.09165 0.100814640808 0.0420398474829
0.0917 0.100817893129 0.0420430994991
0.09175 0.100821137329 0.0420463433955
0.0918 0.100824373428 0.0420495791922
0.09185 0.100827601448 0.0420528069096
0.0919 0.100830821407 0.0420560265677
0.09195 0.100834033327 0.0420592381868
0.092 0.100837237227 0.0420624417868
0.09205 0.100840433127 0.0420656373878
0.0921 0.100843621047 0.0420688250098
0.09215 0.100846801008 0.0420720046727
0.0922 0.100849973029 0.0420751763964
0.09225 0.100853137129 0.0420783402006
0.0923 0.100856293329 0.0420814961053
0.09235 0.100859441649 0.04208464413
0.0924 0.100862582108 0.0420877842945
0.09245 0.100865714725 0.0420909166184
0.0925 0.10086883952 0.0420940411212
0.09255 0.100871956514 0.0420971578226
0.0926 0.100875065724 0.0421002667419
0.09265 0.100878167172 0.0421033678986
0.0927 0.100881260875 0.0421064613121
0.09275 0.100884346854 0.0421095470018
0.0928 0.100887425128 0.0421126249868
0.09285 0.100890495715 0.0421156952865
0.0929 0.100893558636 0.0421187579201
0.09295 0.100896613909 0.0421218129066
0.093 0.100899661553 0.0421248602652
0.09305 0.100902701588 0.0421279000149
0.0931 0.100905734032 0.0421309321747
0.09315 0.100908758905 0.0421339567636
0.0932 0.100911776225 0.0421369738005
0.09325 0.100914786011 0.0421399833041
0.0933 0.100917788282 0.0421429852935
0.09335 0.100920783057 0.0421459797872
0.0934 0.100923770354 0.042148966804
0.09345 0.100926750192 0.0421519463627
0.0935 0.10092972259 0.0421549184817
0.09355 0.100932687566 0.0421578831797
0.0936 0.100935645139 0.0421608404752
0.09365 0.100938595328 0.0421637903867
0.0937 0.10094153815 0.0421667329327
0.09375 0.100944473625 0.0421696681314
0.0938 0.10094740177 0.0421725960014
0.09385 0.100950322603 0.0421755165608
0.0939 0.100953236144 0.0421784298279
0.09395 0.10095614241 0.0421813358209
0.094 0.10095904142 0.0421842345581
0.09405 0.100961933191 0.0421871260574
0.0941 0.100964817741 0.0421900103371
0.09415 0.10096769509 0.042192887415
0.0942 0.100970565254 0.0421957573092
0.09425 0.100973428251 0.0421986200376
0.0943 0.1009762841 0.0422014756182
0.09435 0.100979132819 0.0422043240687
0.0944 0.100981974424 0.042207165407
0.09445 0.100984808934 0.0422099996508
0.0945 0.100987636367 0.0422128268179
0.09455 0.100990456741 0.0422156469258
0.0946 0.100993270072 0.0422184599923
0.09465 0.100996076378 0.042221266035
0.0947 0.100998875678 0.0422240650712
0.09475 0.101001667988 0.0422268571186
0.0948 0.101004453326 0.0422296421947
0.09485 0.10100723171 0.0422324203167
0.0949 0.101010003156 0.0422351915021
0.09495 0.101012767682 0.0422379557681
0.095 0.101015525306 0.0422407131322
0.09505 0.101018276044 0.0422434636114
0.0951 0.101021019914 0.042246207223
0.09515 0.101023756933 0.0422489439842
0.0952 0.101026487118 0.042251673912
0.09525 0.101029210486 0.0422543970235
0.0953 0.101031927054 0.0422571133358
0.09535 0.10103463684 0.0422598228657
0.0954 0.101037339859 0.0422625256303
0.09545 0.101040036129 0.0422652216464
0.0955 0.101042725667 0.0422679109308
0.09555 0.10104540849 0.0422705935005
0.0956 0.101048084614 0.0422732693721
0.09565 0.101050754056 0.0422759385624
0.0957 0.101053416832 0.042278601088
0.09575 0.10105607296 0.0422812569657
0.0958 0.101058722457 0.0422839062119
0.09585 0.101061365337 0.0422865488433
0.0959 0.101064001619 0.0422891848764
0.09595 0.101066631318 0.0422918143276
0.096 0.101069254452 0.0422944372134
0.09605 0.101071871035 0.0422970535501
0.0961 0.101074481086 0.0422996633542
0.09615 0.101077084619 0.042302266642
0.0962 0.101079681652 0.0423048634296
0.09625 0.101082272201 0.0423074537334
0.0963 0.101084856281 0.0423100375695
0.09635 0.101087433909 0.0423126149541
0.0964 0.101090005101 0.0423151859032
0.09645 0.101092569873 0.0423177504331
0.0965 0.101095128241 0.0423203085596
0.09655 0.101097680221 0.0423228602987
0.0966 0.10110022583 0.0423254056665
0.09665 0.101102765082 0.0423279446788
0.0967 0.101105297994 0.0423304773516
0.09675 0.101107824582 0.0423330037005
0.0968 0.101110344861 0.0423355237415
0.09685 0.101112858848 0.0423380374902
0.0969 0.101115366557 0.0423405449624
0.09695 0.101117868005 0.0423430461737
0.097 0.101120363207 0.0423455411399
0.09705 0.101122852179 0.0423480298764
0.0971 0.101125334937 0.0423505123988
0.09715 0.101127811495 0.0423529887227
0.0972 0.101130281869 0.0423554588635
0.09725 0.101132746076 0.0423579228366
0.0973 0.101135204129 0.0423603806575
0.09735 0.101137656046 0.0423628323416
0.0974 0.10114010184 0.0423652779041
0.09745 0.101142541527 0.0423677173603
0.0975 0.101144975123 0.0423701507254
0.09755 0.101147402642 0.0423725780148
0.0976 0.1011498241 0.0423749992435
0.09765 0.101152239512 0.0423774144268
0.0977 0.101154648893 0.0423798235796
0.09775 0.101157052258 0.042382226717
0.0978 0.101159449623 0.0423846238541
0.09785 0.101161841001 0.0423870150058
0.0979 0.101164226409 0.0423894001871
0.09795 0.10116660586 0.042391779413
0.098 0.101168979371 0.0423941526981
0.09805 0.101171346954 0.0423965200575
0.0981 0.101173708627 0.0423988815059
0.09815 0.101176064403 0.042401237058
0.0982 0.101178414296 0.0424035867286
0.09825 0.101180758322 0.0424059305323
0.0983 0.101183096496 0.0424082684839
0.09835 0.101185428831 0.0424106005979
0.0984 0.101187755343 0.0424129268889
0.09845 0.101190076046 0.0424152473714
0.0985 0.101192390954 0.0424175620599
0.09855 0.101194700083 0.042419870969
0.0986 0.101197003446 0.042422174113
0.09865 0.101199301057 0.0424244715063
0.0987 0.101201592932 0.0424267631633
0.09875 0.101203879084 0.0424290490983
0.0988 0.101206159528 0.0424313293256
0.09885 0.101208434279 0.0424336038595
0.0989 0.101210703349 0.0424358727142
0.09895 0.101212966754 0.0424381359037
0.099 0.101215224507 0.0424403934424
0.09905 0.101217476623 0.0424426453443
0.0991 0.101219723116 0.0424448916235
0.09915 0.101221964 0.0424471322939
0.0992 0.101224199288 0.0424493673697
0.09925 0.101226428996 0.0424515968648
0.0993 0.101228653136 0.0424538207931
0.09935 0.101230871722 0.0424560391685
0.0994 0.101233084769 0.0424582520049
0.09945 0.101235292291 0.0424604593162
0.0995 0.1012374943 0.042462661116
0.09955 0.101239690812 0.0424648574182
0.0996 0.101241881839 0.0424670482366
0.09965 0.101244067395 0.0424692335847
0.0997 0.101246247495 0.0424714134762
0.09975 0.101248422151 0.0424735879249
0.0998 0.101250591377 0.0424757569442
0.09985 0.101252755186 0.0424779205477
0.0999 0.101254913594 0.042480078749
0.09995 0.101257066611 0.0424822315615
0.1 0.101259214253 0.0424843789987
0.10005 0.101261356533 0.042486521074
0.1001 0.101263493464 0.0424886578009
0.10015 0.101265625059 0.0424907891925
0.1002 0.101267751332 0.0424929152624
0.10025 0.101269872295 0.0424950360237
0.1003 0.101271987963 0.0424971514897
0.10035 0.101274098349 0.0424992616737
0.1004 0.101276203465 0.0425013665888
0.10045 0.101278303325 0.0425034662481
0.1005 0.101280397942 0.0425055606649
0.10055 0.101282487329 0.0425076498522
0.1006 0.101284571499 0.042509733823
0.10065 0.101286650465 0.0425118125905
0.1007 0.10128872424 0.0425138861675
0.10075 0.101290792837 0.042515954567
0.1008 0.10129285627 0.0425180178019
0.10085 0.10129491455 0.0425200758853
0.1009 0.101296967691 0.0425221288298
0.10095 0.101299015705 0.0425241766484
0.101 0.101301058606 0.0425262193539
0.10105 0.101303096406 0.0425282569589
0.1011 0.101305129118 0.0425302894763
0.10115 0.101307156755 0.0425323169188
0.1012 0.101309179329 0.042534339299
0.10125 0.101311196852 0.0425363566295
0.1013 0.101313209339 0.042538368923
0.10135 0.1013152168 0.0425403761921
0.1014 0.101317219249 0.0425423784493
0.10145 0.101319216698 0.042544375707
0.1015 0.10132120916 0.0425463679779
0.10155 0.101323196647 0.0425483552743
0.1016 0.101325179171 0.0425503376087
0.10165 0.101327156746 0.0425523149934
0.1017 0.101329129382 0.0425542874408
0.10175 0.101331097093 0.0425562549633
0.1018 0.101333059891 0.0425582175731
0.10185 0.101335017789 0.0425601752825
0.1019 0.101336970797 0.0425621281037
0.10195 0.10133891893 0.042564076049
0.102 0.101340862198 0.0425660191305
0.10205 0.101342800614 0.0425679573604
0.1021 0.10134473419 0.0425698907508
0.10215 0.101346662938 0.0425718193137
0.1022 0.10134858687 0.0425737430612
0.10225 0.101350505999 0.0425756620054
0.1023 0.101352420335 0.0425775761582
0.10235 0.101354329892 0.0425794855315
0.1024 0.101356234681 0.0425813901375
0.10245 0.101358134714 0.0425832899878
0.1025 0.101360030003 0.0425851850944
0.10255 0.10136192056 0.0425870754692
0.1026 0.101363806396 0.042588961124
0.10265 0.101365687523 0.0425908420705
0.1027 0.101367563954 0.0425927183206
0.10275 0.101369435699 0.0425945898858
0.1028 0.101371302771 0.042596456778
0.10285 0.101373165181 0.0425983190088
0.1029 0.101375022941 0.0426001765898
0.10295 0.101376876062 0.0426020295327
0.103 0.101378724557 0.042603877849
0.10305 0.101380568435 0.0426057215502
0.1031 0.10138240771 0.042607560648
0.10315 0.101384242393 0.0426093951538
0.1032 0.101386072495 0.042611225079
0.10325 0.101387898027 0.0426130504352
0.1033 0.101389719001 0.0426148712336
0.10335 0.101391535428 0.0426166874857
0.1034 0.10139334732 0.0426184992029
0.10345 0.101395154688 0.0426203063965
0.1035 0.101396957543 0.0426221090777
0.10355 0.101398755897 0.0426239072578
0.1036 0.10140054976 0.0426257009481
0.10365 0.101402339144 0.0426274901597
0.1037 0.101404124061 0.0426292749039
0.10375 0.101405904521 0.0426310551919
0.1038 0.101407680535 0.0426328310346
0.10385 0.101409452115 0.0426346024433
0.1039 0.101411219271 0.0426363694291
0.10395 0.101412982015 0.0426381320028
0.104 0.101414740358 0.0426398901757
0.10405 0.101416494311 0.0426416439586
0.1041 0.101418243884 0.0426433933625
0.10415 0.101419989088 0.0426451383983
0.1042 0.101421729935 0.042646879077
0.10425 0.101423466436 0.0426486154095
0.1043 0.1014251986 0.0426503474065
0.10435 0.10142692644 0.042652075079
0.1044 0.101428649966 0.0426537984377
0.10445 0.101430369188 0.0426555174933
0.1045 0.101432084117 0.0426572322567
0.10455 0.101433794765 0.0426589427386
0.1046 0.101435501141 0.0426606489495
0.10465 0.101437203257 0.0426623509003
0.1047 0.101438901122 0.0426640486015
0.10475 0.101440594749 0.0426657420637
0.1048 0.101442284146 0.0426674312976
0.10485 0.101443969326 0.0426691163137
0.1049 0.101445650297 0.0426707971225
0.10495 0.101447327072 0.0426724737345
0.105 0.10144899966 0.0426741461602
0.10505 0.101450668072 0.0426758144101
0.1051 0.101452332318 0.0426774784946
0.10515 0.101453992408 0.042679138424
0.1052 0.101455648354 0.0426807942088
0.10525 0.101457300165 0.0426824458593
0.1053 0.101458947851 0.0426840933859
0.10535 0.101460591424 0.0426857367988
0.1054 0.101462230893 0.0426873761082
0.10545 0.101463866268 0.0426890113245
0.1055 0.10146549756 0.0426906424579
0.10555 0.101467124779 0.0426922695186
0.1056 0.101468747934 0.0426938925166
0.10565 0.101470367037 0.0426955114623
0.1057 0.101471982098 0.0426971263656
0.10575 0.101473593126 0.0426987372367
0.1058 0.101475200131 0.0427003440857
0.10585 0.101476803124 0.0427019469225
0.1059 0.101478402114 0.0427035457573
0.10595 0.101479997112 0.0427051406
0.106 0.101481588128 0.0427067314605
0.10605 0.101483175171 0.0427083183489
0.1061 0.101484758251 0.042709901275
0.10615 0.101486337378 0.0427114802487
0.1062 0.101487912563 0.0427130552799
0.10625 0.101489483815 0.0427146263785
0.1063 0.101491051143 0.0427161935542
0.10635 0.101492614558 0.0427177568169
0.1064 0.10149417407 0.0427193161763
0.10645 0.101495729687 0.0427208716421
0.1065 0.101497281421 0.0427224232242
0.10655 0.10149882928 0.0427239709321
0.1066 0.101500373274 0.0427255147756
0.10665 0.101501913413 0.0427270547643
0.1067 0.101503449707 0.0427285909079
0.10675 0.101504982164 0.0427301232159
0.1068 0.101506510796 0.0427316516979
0.10685 0.10150803561 0.0427331763635
0.1069 0.101509556617 0.0427346972221
0.10695 0.101511073827 0.0427362142834
0.107 0.101512587248 0.0427377275568
0.10705 0.101514096891 0.0427392370516
0.1071 0.101515602764 0.0427407427775
0.10715 0.101517104877 0.0427422447438
0.1072 0.10151860324 0.0427437429598
0.10725 0.101520097861 0.042745237435
0.1073 0.101521588751 0.0427467281786
0.10735 0.101523075918 0.0427482152001
0.1074 0.101524559371 0.0427496985086
0.10745 0.101526039121 0.0427511781135
0.1075 0.101527515176 0.042752654024
0.10755 0.101528987546 0.0427541262493
0.1076 0.101530456239 0.0427555947987
0.10765 0.101531921265 0.0427570596812
0.1077 0.101533382633 0.0427585209062
0.10775 0.101534840353 0.0427599784826
0.1078 0.101536294432 0.0427614324197
0.10785 0.101537744881 0.0427628827264
0.1079 0.101539191709 0.0427643294119
0.10795 0.101540634924 0.0427657724852
0.108 0.101542074535 0.0427672119553
0.10805 0.101543510552 0.0427686478313
0.1081 0.101544942984 0.042770080122
0.10815 0.101546371838 0.0427715088365
0.1082 0.101547797126 0.0427729339837
0.10825 0.101549218854 0.0427743555724
0.1083 0.101550637033 0.0427757736116
0.10835 0.10155205167 0.0427771881102
0.1084 0.101553462776 0.0427785990769
0.10845 0.101554870358 0.0427800065206
0.1085 0.101556274425 0.0427814104501
0.10855 0.101557674987 0.0427828108741
0.1086 0.101559072052 0.0427842078015
0.10865 0.101560465628 0.0427856012409
0.1087 0.101561855725 0.042786991201
0.10875 0.101563242351 0.0427883776906
0.1088 0.101564625515 0.0427897607183
0.10885 0.101566005226 0.0427911402927
0.1089 0.101567381491 0.0427925164225
0.10895 0.10156875432 0.0427938891163
0.109 0.101570123721 0.0427952583827
0.10905 0.101571489704 0.0427966242301
0.1091 0.101572852275 0.0427979866672
0.10915 0.101574211444 0.0427993457025
0.1092 0.10157556722 0.0428007013444
0.10925 0.10157691961 0.0428020536014
0.1093 0.101578268624 0.042803402482
0.10935 0.10157961427 0.0428047479946
0.1094 0.101580956555 0.0428060901477
0.10945 0.101582295489 0.0428074289495
0.1095 0.10158363108 0.0428087644085
0.10955 0.101584963336 0.0428100965331
0.1096 0.101586292266 0.0428114253315
0.10965 0.101587617877 0.042812750812
0.1097 0.101588940179 0.042814072983
0.10975 0.101590259179 0.0428153918527
0.1098 0.101591574886 0.0428167074293
0.10985 0.101592887308 0.0428180197211
0.1099 0.101594196452 0.0428193287363
0.10995 0.101595502328 0.042820634483
0.11 0.101596804944 0.0428219369694
0.11005 0.101598104307 0.0428232362037
0.1101 0.101599400425 0.0428245321939
0.11015 0.101600693307 0.0428258249482
0.1102 0.101601982962 0.0428271144747
0.11025 0.101603269396 0.0428284007814
0.1103 0.101604552618 0.0428296838763
0.11035 0.101605832636 0.0428309637675
0.1104 0.101607109458 0.0428322404629
0.11045 0.101608383092 0.0428335139706
0.1105 0.101609653546 0.0428347842986
0.11055 0.101610920828 0.0428360514546
0.1106 0.101612184945 0.0428373154467
0.11065 0.101613445907 0.0428385762828
0.1107 0.101614703719 0.0428398339708
0.11075 0.101615958392 0.0428410885184
0.1108 0.101617209931 0.0428423399336
0.11085 0.101618458346 0.0428435882242
0.1109 0.101619703643 0.0428448333979
0.11095 0.101620945831 0.0428460754626
0.111 0.101622184918 0.042847314426
0.11105 0.101623420911 0.0428485502958
0.1111 0.101624653817 0.0428497830799
0.11115 0.101625883646 0.0428510127858
0.1112 0.101627110403 0.0428522394213
0.11125 0.101628334098 0.0428534629941
0.1113 0.101629554737 0.0428546835117
0.11135 0.101630772328 0.0428559009818
0.1114 0.10163198688 0.0428571154121
0.11145 0.101633198398 0.0428583268101
0.1115 0.101634406892 0.0428595351834
0.11155 0.101635612368 0.0428607405395
0.1116 0.101636814835 0.042861942886
0.11165 0.101638014299 0.0428631422304
0.1117 0.101639210768 0.0428643385801
0.11175 0.101640404249 0.0428655319428
0.1118 0.101641594751 0.0428667223257
0.11185 0.10164278228 0.0428679097364
0.1119 0.101643966844 0.0428690941823
0.11195 0.101645148451 0.0428702756708
0.112 0.101646327107 0.0428714542092
0.11205 0.10164750282 0.042872629805
0.1121 0.101648675598 0.0428738024654
0.11215 0.101649845447 0.0428749721979
0.1122 0.101651012376 0.0428761390097
0.11225 0.10165217639 0.042877302908
0.1123 0.101653337499 0.0428784639003
0.11235 0.101654495708 0.0428796219937
0.1124 0.101655651026 0.0428807771956
0.11245 0.101656803458 0.042881929513
0.1125 0.101657953014 0.0428830789532
0.11255 0.101659099699 0.0428842255234
0.1126 0.101660243521 0.0428853692307
0.11265 0.101661384486 0.0428865100824
0.1127 0.101662522604 0.0428876480855
0.11275 0.101663657879 0.0428887832471
0.1128 0.10166479032 0.0428899155744
0.11285 0.101665919933 0.0428910450744
0.1129 0.101667046726 0.0428921717541
0.11295 0.101668170705 0.0428932956207
0.113 0.101669291878 0.0428944166812
0.11305 0.101670410252 0.0428955349424
0.1131 0.101671525833 0.0428966504116
0.11315 0.101672638628 0.0428977630955
0.1132 0.101673748646 0.0428988730012
0.11325 0.101674855891 0.0428999801356
0.1133 0.101675960372 0.0429010845056
0.11335 0.101677062095 0.0429021861181
0.1134 0.101678161068 0.0429032849801
0.11345 0.101679257296 0.0429043810983
0.1135 0.101680350788 0.0429054744796
0.11355 0.101681441549 0.0429065651309
0.1136 0.101682529586 0.042907653059
0.11365 0.101683614907 0.0429087382707
0.1137 0.101684697518 0.0429098207727
0.11375 0.101685777426 0.0429109005718
0.1138 0.101686854638 0.0429119776748
0.11385 0.101687929159 0.0429130520885
0.1139 0.101689000998 0.0429141238194
0.11395 0.101690070161 0.0429151928744
0.114 0.101691136654 0.04291625926
0.11405 0.101692200485 0.042917322983
0.1141 0.101693261659 0.0429183840501
0.11415 0.101694320183 0.0429194424678
0.1142 0.101695376065 0.0429204982427
0.11425 0.10169642931 0.0429215513815
0.1143 0.101697479925 0.0429226018907
0.11435 0.101698527917 0.042923649777
0.1144 0.101699573293 0.0429246950468
0.11445 0.101700616058 0.0429257377067
0.1145 0.101701656219 0.0429267777632
0.11455 0.101702693784 0.0429278152228
0.1146 0.101703728758 0.042928850092
0.11465 0.101704761147 0.0429298823773
0.1147 0.101705790959 0.042930912085
0.11475 0.1017068182 0.0429319392217
0.1148 0.101707842876 0.0429329637938
0.11485 0.101708864993 0.0429339858077
0.1149 0.101709884558 0.0429350052696
0.11495 0.101710901578 0.0429360221862
0.115 0.101711916058 0.0429370365636
0.11505 0.101712928005 0.0429380484082
0.1151 0.101713937426 0.0429390577264
0.11515 0.101714944326 0.0429400645244
0.1152 0.101715948712 0.0429410688086
0.11525 0.10171695059 0.0429420705852
0.1153 0.101717949967 0.0429430698605
0.11535 0.101718946848 0.0429440666408
0.1154 0.101719941241 0.0429450609322
0.11545 0.10172093315 0.0429460527409
0.1155 0.101721922583 0.0429470420733
0.11555 0.101722909545 0.0429480289354
0.1156 0.101723894043 0.0429490133334
0.11565 0.101724876083 0.0429499952735
0.1157 0.101725855671 0.0429509747618
0.11575 0.101726832813 0.0429519518045
0.1158 0.101727807515 0.0429529264076
0.11585 0.101728779784 0.0429538985772
0.1159 0.101729749625 0.0429548683194
0.11595 0.101730717044 0.0429558356403
0.116 0.101731682048 0.042956800546
0.11605 0.101732644643 0.0429577630424
0.1161 0.101733604834 0.0429587231355
0.11615 0.101734562627 0.0429596808314
0.1162 0.101735518029 0.0429606361361
0.11625 0.101736471046 0.0429615890555
0.1163 0.101737421683 0.0429625395955
0.11635 0.101738369946 0.0429634877622
0.1164 0.101739315842 0.0429644335614
0.11645 0.101740259376 0.0429653769991
0.1165 0.101741200554 0.0429663180811
0.11655 0.101742139382 0.0429672568134
0.1166 0.101743075866 0.0429681932017
0.11665 0.101744010012 0.0429691272521
0.1167 0.101744941825 0.0429700589702
0.11675 0.101745871312 0.0429709883619
0.1168 0.101746798478 0.042971915433
0.11685 0.101747723329 0.0429728401894
0.1169 0.10174864587 0.0429737626367
0.11695 0.101749566109 0.0429746827808
0.117 0.101750484049 0.0429756006275
0.11705 0.101751399698 0.0429765161823
0.1171 0.10175231306 0.0429774294512
0.11715 0.101753224142 0.0429783404397
0.1172 0.101754132949 0.0429792491536
0.11725 0.101755039487 0.0429801555985
0.1173 0.101755943761 0.0429810597802
0.11735 0.101756845778 0.0429819617043
0.1174 0.101757745542 0.0429828613763
0.11745 0.10175864306 0.042983758802
0.1175 0.101759538337 0.0429846539869
0.11755 0.101760431378 0.0429855469366
0.1176 0.10176132219 0.0429864376568
0.11765 0.101762210777 0.0429873261529
0.1177 0.101763097146 0.0429882124306
0.11775 0.101763981301 0.0429890964953
0.1178 0.101764863249 0.0429899783527
0.11785 0.101765742995 0.0429908580081
0.1179 0.101766620545 0.0429917354672
0.11795 0.101767495903 0.0429926107353
0.118 0.101768369075 0.042993483818
0.11805 0.101769240068 0.0429943547208
0.1181 0.101770108885 0.0429952234489
0.11815 0.101770975534 0.042996090008
0.1182 0.101771840018 0.0429969544034
0.11825 0.101772702344 0.0429978166405
0.1183 0.101773562517 0.0429986767247
0.11835 0.101774420542 0.0429995346614
0.1184 0.101775276425 0.0430003904559
0.11845 0.10177613017 0.0430012441136
0.1185 0.101776981784 0.0430020956398
0.11855 0.101777831272 0.0430029450399
0.1186 0.101778678639 0.0430037923191
0.11865 0.10177952389 0.0430046374828
0.1187 0.10178036703 0.0430054805362
0.11875 0.101781208065 0.0430063214846
0.1188 0.101782047001 0.0430071603332
0.11885 0.101782883841 0.0430079970873
0.1189 0.101783718593 0.0430088317522
0.11895 0.10178455126 0.043009664333
0.119 0.101785381847 0.043010494835
0.11905 0.101786210361 0.0430113232633
0.1191 0.101787036807 0.0430121496231
0.11915 0.101787861189 0.0430129739196
0.1192 0.101788683512 0.0430137961579
0.11925 0.101789503782 0.0430146163432
0.1193 0.101790322004 0.0430154344806
0.11935 0.101791138184 0.0430162505752
0.1194 0.101791952325 0.0430170646321
0.11945 0.101792764433 0.0430178766564
0.1195 0.101793574514 0.0430186866532
0.11955 0.101794382572 0.0430194946276
0.1196 0.101795188613 0.0430203005845
0.11965 0.101795992641 0.043021104529
0.1197 0.101796794661 0.0430219064662
0.11975 0.101797594679 0.043022706401
0.1198 0.1017983927 0.0430235043386
0.11985 0.101799188728 0.0430243002837
0.1199 0.101799982768 0.0430250942415
0.11995 0.101800774826 0.0430258862169
0.12 0.101801564906 0.0430266762147
0.12005 0.101802353013 0.0430274642401
0.1201 0.101803139153 0.0430282502979
0.12015 0.101803923329 0.043029034393
0.1202 0.101804705548 0.0430298165302
0.12025 0.101805485814 0.0430305967146
0.1203 0.101806264131 0.043031374951
0.12035 0.101807040505 0.0430321512442
0.1204 0.101807814941 0.0430329255991
0.12045 0.101808587443 0.0430336980205
0.1205 0.101809358016 0.0430344685133
0.12055 0.101810126665 0.0430352370822
0.1206 0.101810893395 0.0430360037321
0.12065 0.101811658211 0.0430367684678
0.1207 0.101812421116 0.0430375312941
0.12075 0.101813182117 0.0430382922156
0.1208 0.101813941218 0.0430390512373
0.12085 0.101814698424 0.0430398083637
0.1209 0.101815453739 0.0430405635997
0.12095 0.101816207168 0.04304131695
0.121 0.101816958716 0.0430420684192
0.12105 0.101817708387 0.0430428180121
0.1211 0.101818456187 0.0430435657334
0.12115 0.101819202119 0.0430443115877
0.1212 0.101819946189 0.0430450555797
0.12125 0.101820688401 0.043045797714
0.1213 0.10182142876 0.0430465379953
0.12135 0.10182216727 0.0430472764283
0.1214 0.101822903936 0.0430480130174
0.12145 0.101823638763 0.0430487477674
0.1215 0.101824371756 0.0430494806828
0.12155 0.101825102918 0.0430502117682
0.1216 0.101825832254 0.0430509410281
0.12165 0.10182655977 0.0430516684672
0.1217 0.101827285469 0.04305239409
0.12175 0.101828009356 0.043053117901
0.1218 0.101828731435 0.0430538399047
0.12185 0.101829451712 0.0430545601056
0.1219 0.10183017019 0.0430552785083
0.12195 0.101830886874 0.0430559951173
0.122 0.101831601769 0.0430567099369
0.12205 0.101832314879 0.0430574229717
0.1221 0.101833026208 0.0430581342262
0.12215 0.101833735762 0.0430588437048
0.1222 0.101834443543 0.0430595514118
0.12225 0.101835149558 0.0430602573518
0.1223 0.101835853809 0.0430609615292
0.12235 0.101836556302 0.0430616639483
0.1224 0.101837257041 0.0430623646136
0.12245 0.101837956031 0.0430630635294
0.1225 0.101838653275 0.0430637607001
0.12255 0.101839348778 0.04306445613
0.1226 0.101840042545 0.0430651498235
0.12265 0.10184073458 0.043065841785
0.1227 0.101841424886 0.0430665320187
0.12275 0.101842113469 0.043067220529
0.1228 0.101842800333 0.0430679073202
0.12285 0.101843485482 0.0430685923965
0.1229 0.10184416892 0.0430692757623
0.12295 0.101844850651 0.0430699574218
0.123 0.101845530681 0.0430706373793
0.12305 0.101846209012 0.043071315639
0.1231 0.10184688565 0.0430719922052
0.12315 0.101847560598 0.043072667082
0.1232 0.101848233862 0.0430733402738
0.12325 0.101848905444 0.0430740117847
0.1233 0.101849575349 0.0430746816189
0.12335 0.101850243581 0.0430753497807
0.1234 0.101850910145 0.0430760162741
0.12345 0.101851575045 0.0430766811034
0.1235 0.101852238285 0.0430773442726
0.12355 0.101852899868 0.043078005786
0.1236 0.1018535598 0.0430786656477
0.12365 0.101854218084 0.0430793238618
0.1237 0.101854874725 0.0430799804325
0.12375 0.101855529725 0.0430806353637
0.1238 0.101856183091 0.0430812886597
0.12385 0.101856834825 0.0430819403244
0.1239 0.101857484932 0.043082590362
0.12395 0.101858133415 0.0430832387766
0.124 0.10185878028 0.0430838855722
0.12405 0.101859425529 0.0430845307528
0.1241 0.101860069167 0.0430851743224
0.12415 0.101860711198 0.0430858162851
0.1242 0.101861351626 0.043086456645
0.12425 0.101861990455 0.0430870954059
0.1243 0.101862627689 0.0430877325719
0.12435 0.101863263332 0.043088368147
0.1244 0.101863897388 0.0430890021352
0.12445 0.10186452986 0.0430896345403
0.1245 0.101865160754 0.0430902653664
0.12455 0.101865790072 0.0430908946175
0.1246 0.101866417819 0.0430915222973
0.12465 0.101867043998 0.0430921484099
0.1247 0.101867668614 0.0430927729592
0.12475 0.101868291671 0.0430933959491
0.1248 0.101868913172 0.0430940173834
0.12485 0.101869533121 0.0430946372661
0.1249 0.101870151522 0.043095255601
0.12495 0.101870768379 0.043095872392
0.125 0.101871383695 0.043096487643
